"piR-hsa-23317"	"ENST00000536684.2"	"ENST00000626826.1"	"ENST00000623130.1"	"ENST00000385273.1"	"ENST00000516053.2"	"ENST00000384010.1"	"ENST00000365699.4"	"ENST00000362154.1"	"ENST00000384981.3"	"ENST00000600213.3"	"ENST00000383861.1"	"ENST00000385012.1"	"ENST00000383858.1"	"ENST00000384898.1"	"ENST00000383869.1"	"ENST00000362162.1"	"ENST00000384278.1"	"ENST00000615842.1"	"ENST00000613023.1"
"Sample_1S1"	2.38097449738479	-0.029863399424631	-0.042649854609193	-0.0378049863373474	0.825734902192654	-0.0406311714307407	0.125087175631975	-0.0111363463232837	0.135346333721906	-0.0415973389099029	-0.0549825197191699	0.133705029318369	-0.0514071582674715	0.0576720092064091	-0.00514536658452307	0.136150546715475	0.175761402557644	0.13275325540722	0.130694979246459	0.106364418135269
"Sample_1S10"	2.29102406349026	-0.0476735032602855	-0.0532867123240868	-0.0544559465428189	1.42058954543465	-0.0147419980170286	0.0495647684562482	-0.0332486333064756	0.115587047479342	-0.0647922750981778	-0.0645708292069872	0.0503920391167005	-0.0554063014296634	0.0142865064128373	0.00718128705358132	0.0516469200452342	0.135953591003005	0.0552028576350599	0.0575970835637845	0.0458009154892779
"Sample_1S11"	19.634309037267	-0.0474751175898734	-0.0604927277755527	-0.0621075676945866	1.11443634642118	-0.0291223452828806	0.0732700230624294	-0.0301613672345758	0.123147138717844	-0.0610142999020958	-0.0672700019167937	0.089025522830346	-0.0574529863621757	0.0203699746035201	0.0192569954245706	0.0745674602447253	0.135092947382939	0.0752939259884154	0.0765400599820836	0.0734939210327362
"Sample_1S12"	2.92517203331605	-0.0494349520887848	-0.0214793228185181	-0.0166758346695971	0.623077551252446	-0.0552094983374091	0.094551182124443	-0.0389145674331045	0.088317444314318	-0.0710706673771127	-0.0701368354105693	0.0988658905057379	-0.0624800789068464	0.0706603336079522	-0.00246495535594479	0.108782633238785	0.119926969067093	0.102900315550633	0.10486755471147	0.128115235433322
"Sample_1S13"	1.09854482882123	-0.0454349868470598	-0.0513131951022935	-0.0463941065282855	1.39047058955234	-0.0358073536162287	0.0862687692177162	-0.027786129564988	0.14365322010875	-0.0680952838839601	-0.0634028506918442	0.0818574612001788	-0.0564859057642586	0.0296592560070503	0.0315805655519199	0.0831484103351069	0.157652348978702	0.0747792309413709	0.0682115464824353	0.0602603352384216
"Sample_1S14"	13.8029693703343	-0.0397849310485171	-0.00503280552431179	0.0111728320048416	0.924848073535136	-0.0483239497723758	0.166386516092696	0.0970786727055317	0.165117599587142	-0.0617432090808745	-0.072530840801758	0.174938462269548	-0.0597686424688026	0.100094362615431	0.00882459570218983	0.156289195544828	0.171369805939778	0.161929862807044	0.162544225111944	0.13490591400822
"Sample_1S15"	13.1358572818818	-0.0336659869314467	-0.0388136356016826	-0.0368190350470796	1.07200568297636	-0.0168792978529605	0.104027220585724	-0.0196622451292389	0.115053142992697	-0.0595689829138437	-0.0612454142572998	0.0956446875210886	-0.0543550122139985	0.0485851609657741	-0.0129875648015333	0.0956452590382248	0.139433191488955	0.10096188142909	0.089763177525319	0.0920971625443498
"Sample_1S16"	10.4770296145744	-0.0466022652385125	-0.0627245222939068	-0.0592558795918424	0.934600426789987	-0.0426613593984942	0.0784253711434471	-0.0213776865132002	0.20377640052635	-0.0189178952668411	-0.069064267058769	0.0788274773539977	-0.0113495082395623	0.0388403314328238	0.0132524087685161	0.082765668626929	0.203426150805763	0.0805248046494418	0.0803793258822074	0.0658221185371254
"Sample_1S17"	10.4995610376358	-0.0382259178077755	-0.0206441234956084	0.00370271609614097	0.826340556921868	-0.0347739646512902	0.128184119351923	-0.0262064043403468	0.126228409230437	-0.0481754922660121	-0.0659441676263826	0.125247993060027	-0.0546083078250547	0.0734129086300465	-0.0125080918009063	0.131553147886663	0.17759392848738	0.12678885332296	0.138792471455133	0.126698693199108
"Sample_1S18"	12.440903951553	-0.0454918746232035	-0.00469406114688942	0.0133197584524236	0.725832645145427	-0.043071606592674	0.111241020566879	-0.0102228631786589	0.117926107349684	-0.062214085764917	-0.0646394112385661	0.112253635622891	-0.0550273217303126	0.0614283919983699	-0.0122239323997075	0.124007513909717	0.173265828698384	0.115720144561179	0.121944818343942	0.130928737521102
"Sample_1S19"	9.79864967974333	-0.0528693575265618	-0.0465738462816785	-0.0491509539186819	1.15131704983764	-0.0244677966662847	0.099787335911989	-0.0233773238470792	0.127117191073295	-0.0605900256511383	-0.0658718151588346	0.107168378729536	-0.0553406458388534	0.0571591257981694	0.00924210882253276	0.111905960578353	0.175133699073145	0.103957518534983	0.100586718723484	0.0885295341324862
"Sample_1S2"	2.98130783731649	-0.0154710415551281	-0.027193043432077	-0.0114284397473563	1.07578572563642	-0.0359498646983495	0.106996737115223	0.0050230089199058	0.166745092228545	-0.0573976284025868	-0.0363775887924528	0.101528968657387	-0.053664525199869	0.0404454750109346	0.00336406226742557	0.107754912724896	0.165638916382284	0.100775832268756	0.10214865393402	0.0745292766922954
"Sample_1S20"	6.32283141299004	-0.0542728948148456	-0.0385371895800034	-0.0250137556113215	1.66634568287487	-0.0153947953433364	0.0488292771315755	-0.0177559384791249	0.284366177069353	-0.0482886767602313	-0.0673757552037214	0.0482458575236954	-0.0501786402340216	0.013590186234442	0.0353987330344129	0.0469569038228829	0.179560835428731	0.0430892939793057	0.0439954294754872	0.0336810375966792
"Sample_1S21"	1.67742749200932	-0.0203723194173228	-0.0585792743743047	-0.0576614103913878	1.09864218720077	-0.0391459581930303	0.118165629022621	0.00549126983245622	0.142388696183053	-0.0423727792503369	-0.0490963428963989	0.110069787277636	-0.0535008174158239	0.0588465206111954	0.0147780789904846	0.114757671547157	0.153856246044189	0.119565663404641	0.115160197686226	0.113468876414379
"Sample_1S22"	2.79167865437617	-0.0473374997752115	0.00398837096941034	0.0241729153520727	1.16865990135554	-0.0229891996331147	0.0884372311486307	-0.0236442917446355	0.133596702601324	-0.0545782807467598	-0.0621279359072491	0.0934380231907969	-0.0462742136137144	0.0402147837659066	0.00760962999251125	0.0814737445119092	0.154343371620739	0.0830435318622115	0.0828162972836595	0.0907739284834278
"Sample_1S23"	13.6387249519861	-0.0515053286363186	0.0913643490908735	0.158662251420583	0.670421912640683	-0.0440638976670965	0.0831941525256667	-0.0234209810559075	0.136504810762659	-0.0662022919883743	-0.0694897767104039	0.0828925072996503	-0.0609537967020774	0.0422260239546939	-0.0154502360145336	0.0731601318338291	0.145144923918886	0.095700838491691	0.0870368455001359	0.071265002528122
"Sample_1S24"	14.7646109404021	-0.0308847151019254	-0.0604837671088577	-0.055418760227426	0.729611834861002	-0.0415325128668716	0.0486717705757255	0.0148789574690257	0.131595368256465	0.0320278727188686	-0.0527409530292471	0.0545976896714752	-0.0485248642883599	0.0163796641223032	0.0103343689348489	0.0526034039564043	0.113085644348872	0.0558470414867566	0.0566862711120902	0.062481013456171
"Sample_1S25"	12.6942750974884	-0.0243633635315764	-0.0511897581613249	-0.0482070736778601	1.25510470035558	-0.0354669505549937	0.0901009038044141	0.012310319457401	0.149260284753171	-0.0106733265123263	-0.0474103467126958	0.0893456413512845	-0.0396034075547769	0.0343882855317376	0.00152255940173691	0.0851635101817869	0.173494502294977	0.0914557967204295	0.086598967217189	0.072088094330664
"Sample_1S3"	2.22478898456444	-0.0502807904653863	-0.0499245015447591	-0.0440430473887343	0.876898949768226	-0.037841191908338	0.105699182388313	-0.0310789279566387	0.126198943389361	-0.0682690840975515	-0.0666003624524956	0.109696267756939	-0.0601904711146046	0.0612603881485842	0.00206854940952415	0.11088616311585	0.147986673142691	0.116104412711972	0.109412599424592	0.119626408252247
"Sample_1S4"	2.532991982657	-0.0489567747452927	-0.0152671209059345	-0.00895823818274074	0.970375624668777	-0.0372894298831184	0.123859912439967	-0.0267366080212461	0.165366196193619	-0.0724027664837635	-0.0725079418102835	0.115031790017931	-0.0596559699800333	0.0648650073938381	0.00283915141684203	0.124823263684952	0.215356575942091	0.112028860828621	0.109573312627698	0.101130929715165
"Sample_1S5"	2.37998295881592	-0.0444302952370076	-0.0606541600642177	-0.0645862008111886	0.796777989013512	-0.0435583734447303	0.0952634708947639	-0.0249364607321819	0.125135945752925	-0.0667739849224672	-0.0661067546243186	0.0979808511644214	-0.0600742515482352	0.0424510139014804	-0.00388833710004578	0.103418328012796	0.154384290724473	0.0962861425399128	0.086361787554519	0.0796576991627773
"Sample_1S6"	2.44752924347412	-0.0393586920360467	-0.051868702808533	-0.0531654423221412	1.11815166560694	-0.0342722749137794	0.115441248553726	-0.011664243798018	0.123010990674081	-0.0654056453793151	-0.0600926469582093	0.119934623927896	-0.0559947433362336	0.0675287987535372	0.00981174746514785	0.114928492409157	0.151740460351662	0.120838184737726	0.123510671762334	0.109455932506208
"Sample_1S7"	2.14517956977471	-0.049185004552393	-0.0631103688792547	-0.0626896961939395	1.03571565257773	-0.0343277289513821	0.0749167137276174	-0.0250403347228006	0.13410656562839	-0.0678330926678599	-0.0687132239237738	0.0883166481678354	-0.0548312989467625	0.0269671231295455	0.00178474648658516	0.0947944495303439	0.160061472198089	0.0696249630360783	0.0745773523782726	0.0689323011436403
"Sample_1S8"	3.22398706755015	-0.0365604789579814	-0.0319989111738935	-0.0303393572726461	0.792617986190499	-0.0369562226593423	0.13901581085945	-0.0261493307317121	0.131098407601845	-0.0629077512977474	-0.0667974242374097	0.138309354738251	-0.0593569470296381	0.0717692730362471	-0.0190900881458358	0.133979991121685	0.145633718573756	0.134709305065008	0.135481884916684	0.108889409631818
"Sample_1S9"	2.46751046433814	-0.0470839599318845	-0.0560911729934837	-0.0584587983315598	0.805681476946926	-0.0388808149885955	0.0932895848698177	-0.031588842617732	0.126032377920068	-0.0705919237024416	-0.0638971113217752	0.084781347978211	-0.0640324520938747	0.0455442712925008	0.00262288452133836	0.0940958646822626	0.154974268331216	0.102362555703833	0.0909245357618296	0.101907903884121
"Sample_2S1"	2.07552410666776	-0.0265417350563401	-0.0410422394612563	-0.0374301133006222	1.0172891582617	-0.0443696537175843	0.10795019504557	0.00113043527450005	0.136414190535781	-0.054593403230919	-0.0469731543528724	0.104861916009375	-0.0520888892404417	0.0509850823301858	0.0104595744535001	0.102629950186787	0.135436351319825	0.102995095069705	0.0958900206790638	0.077020946434098
"Sample_2S10"	3.00757282964097	-0.0437950685995425	-0.0553356478529647	-0.0489655141510282	0.762664853543246	-0.0501100699819846	0.0596178536168964	-0.0329238569324367	0.133455665503935	-0.0570985192370521	-0.0677252189697474	0.0696436772730217	-0.0576689692158592	0.0240292036270134	-0.0150518327618152	0.0837389463377663	0.168980756051738	0.063942780849566	0.0724074354348686	0.0689597617556427
"Sample_2S11"	17.4249826470072	-0.0425294725831455	-0.0470576332746191	-0.0411923525981654	1.01301603468617	-0.0333191832090992	0.0561564905182502	-0.0160227935659694	0.127048580848674	-0.0538132242442075	-0.068202477246796	0.0604563851068864	-0.0567811881775652	0.00852550591891621	0.00656727952548451	0.0694002512964662	0.176167808489345	0.0603736519385722	0.0629031526420248	0.0574648893929412
"Sample_2S12"	16.5261447125699	-0.0406228701875682	-0.0405472138397292	-0.0394620736511033	0.687533720311704	-0.0407533976356474	0.0886354442272746	-0.0396826055188701	0.10694071665429	-0.0655494926528725	-0.0628221832911409	0.0929926025786683	-0.0620701379635707	0.0299912529141756	-0.0175966702760974	0.0851146613704998	0.185630587781663	0.0890190938478674	0.08447287618323	0.0732419806188336
"Sample_2S13"	1.41020288695466	-0.0370113871129532	-0.049957631931557	-0.0434601968836302	1.11465414478632	-0.0345498245358593	0.115931876280291	-0.0216877824893977	0.154069739381057	-0.06309817442848	-0.0682263936031708	0.119501899436717	-0.0551825019315504	0.0513605651652083	-0.00218217090562837	0.12574787825238	0.139964567401843	0.112345676908669	0.117926119153124	0.109263005616643
"Sample_2S14"	9.71438025065952	-0.0489863503107067	0.00266600339533756	0.0265493028538108	0.934403331470166	-0.0431930350931731	0.0537248415947079	-0.0138797250397558	0.13848245287448	-0.0515696250170421	-0.0651725179893849	0.0584740307002115	-0.0582763075663904	0.013620954623977	-0.0050661268521982	0.0619254177604197	0.15211792407108	0.0567660081335652	0.0580253101869285	0.0364128568017895
"Sample_2S15"	1.24932489932163	-0.0473774423002326	-0.0155015273792966	-0.00805903649340235	0.95227106754477	-0.0442572052015144	0.104426629669868	-0.0322699521706101	0.150262811182072	-0.0674545080745996	-0.0705841016869557	0.0967319929191943	-0.0609455985208545	0.0411781829736246	0.00476508443971228	0.0977988000682461	0.176627838880122	0.103325737909727	0.105119295368735	0.0832334906325828
"Sample_2S16"	10.3778779858323	-0.0304111449140108	0.00080530974862463	0.0073165910432845	0.831599737705953	-0.0430107994828817	0.0689514762202722	-0.00960116253086181	0.167150126322546	0.0304855245034461	-0.0576013621292493	0.0645812640492781	-0.0576786876794269	0.0224906886619445	-0.00205208311395657	0.0698649060398702	0.138344915808948	0.0711006000079872	0.0567479222320377	0.0655475196588182
"Sample_2S17"	7.8529992394643	-0.0545778065311189	-0.0610026753276142	-0.0564193005355903	1.81406752549136	0.00408711688435688	0.0162934640073699	-0.0296288139854617	0.276657167242232	-0.0739917449354858	-0.0719333468810374	0.0208662584019948	-0.0557388951930675	-0.0158553326329951	0.0394102810362564	0.0180997763245169	0.195270862860735	0.0211055861889151	0.0235139285286382	0.0206039010066258
"Sample_2S18"	1.71992354559991	-0.0431587975537373	-0.0641407896950799	-0.0606696725386661	0.85547226013753	-0.0414230316201547	0.0726380860281794	-0.0226247949264478	0.163010315114827	-0.0642702454515141	-0.0660344169466337	0.0746122752831307	-0.0527169048632509	0.0271013311883984	0.00127708667961525	0.0696988920296589	0.150241728193107	0.0769853002493804	0.0666020934496401	0.0733680783857471
"Sample_2S19"	9.01644982100607	-0.0420424747881284	0.192601374982647	0.254537414622709	0.704326635196013	-0.055684393483419	0.0703621601652011	-0.00826826809677898	0.168101013732733	0.00446299144888767	-0.0568194843139574	0.0742577783562317	-0.0287952536620837	0.0285558950812073	-0.00772157805023301	0.0724872628890168	0.180305927428705	0.073786267343455	0.065514102604864	0.0755694787625488
"Sample_2S2"	3.11375093554874	-0.0394564875079982	-0.0588778797221355	-0.0538409498976679	0.956025038332618	-0.0319285622616432	0.0839787126095855	-0.00725572995220315	0.157622477261317	-0.0434830133701899	-0.0627669782901057	0.0799308340224464	-0.04538034939027	0.0358466834376432	0.014026417865305	0.0851355899931305	0.158173178587516	0.0788356278513451	0.0818618906590391	0.0849076024227896
"Sample_2S20"	13.4001448504933	-0.0376850009431266	-0.0636229012920837	-0.058208005681702	0.848446100889959	-0.0485288542534287	0.087061094757974	-0.0380737891108714	0.131902939288835	-0.070374256993664	-0.0695180088096084	0.0870453693529476	-0.0608467285255394	0.0361897942092355	0.00612831243313041	0.0847206059312859	0.16100082969746	0.0887603704748516	0.0815693841797363	0.0974252295848192
"Sample_2S21"	1.41443828152667	-0.0357521986920727	-0.0436121512711347	-0.0346963500574569	0.878260206016025	-0.0321335041622221	0.087938367409107	-0.0197426001823706	0.131308051520409	-0.0442717268865089	-0.0557239485316511	0.0851881788457024	-0.0545810072443266	0.0392985244896838	0.0117525804049666	0.0859746444487776	0.153929903753726	0.0828210259508133	0.0923694009847103	0.095608593039113
"Sample_2S22"	2.88118913286806	-0.0469749303880341	-0.0590526948522516	-0.0588213287209211	0.869955349248073	-0.0439798930771284	0.0704167357590673	-0.0310813312649558	0.124028462196269	-0.0613576443041574	-0.0667323536149168	0.0784466415580977	-0.052744844432658	0.0323934175753574	-0.00372164949826955	0.0773585148749803	0.129600529978033	0.0744636685438811	0.0743356325348984	0.0819132508670611
"Sample_2S23"	2.71724312154709	-0.0512398916643747	-0.00318733334656897	0.0131168568106696	0.670293216741582	-0.0482464666743849	0.0612842417912104	-0.046317626414327	0.0929004827739647	-0.070210459242103	-0.0630516902353367	0.0563316208078766	-0.065469531835451	0.0248613331613283	-0.0239257908034909	0.0611455970888512	0.15410634460657	0.0608462769469928	0.0523295155698407	0.0533948725528451
"Sample_2S24"	17.2389406415637	-0.0544639147100217	-0.0680365598812101	-0.0662239739587708	1.02017806025571	-0.0327677718759388	0.0583760800134702	-0.0227832658518629	0.153719733773991	-0.0618452617488989	-0.0754919564980938	0.0563878863211813	-0.057363404457921	0.0182443052778267	0.0332108133303312	0.0593885237039775	0.150432918631301	0.0462925855338391	0.0587617221830783	0.0774090451332217
"Sample_2S25"	2.03231784107598	-0.0468374975879282	-0.00829164789100367	0.00311248497569731	0.794941366907903	-0.0511002235747174	0.145560094057999	-0.0383344339423082	0.116799289459377	-0.0746146743172535	-0.0700957082990174	0.137878515192538	-0.0670308524624959	0.0750797187314688	-0.00437276512033344	0.143096573452707	0.144145895601522	0.13830685466402	0.141670233854112	0.114710827370563
"Sample_2S3"	3.33806785379167	-0.0481165387347125	-0.0391798417924001	-0.0380759382081663	1.11731954791891	-0.0392517855114554	0.0988837081828564	-0.0257852647628301	0.133791184338445	-0.0594852444604506	-0.0703846490219416	0.105520627544963	-0.0531715509067026	0.0488853463768906	0.0281710263736946	0.0974831990575712	0.159084302254671	0.0933286129215579	0.0998894525508824	0.1088332393103
"Sample_2S4"	2.30014721000407	-0.0215940635015106	0.0275294289842994	0.0358530357239869	0.828824740745957	-0.049205335584777	0.141987198240657	-0.0134641857284255	0.155701361485991	-0.0683038935803862	-0.0511096891236921	0.129536341089914	-0.0581896785520232	0.0685326190956832	0.00337400412763049	0.138460839286704	0.170424621594563	0.14821485630416	0.135875101634181	0.0917667238951969
"Sample_2S5"	3.09715262761166	-0.0504752727297254	-0.0165024195979631	-0.00377031460027031	0.81075231548425	-0.0479591560909901	0.0830653980143033	-0.0372293609353039	0.126457468092871	-0.0632921967629843	-0.0700834168373081	0.0855767285288945	-0.0591063855077402	0.0366634638057752	-0.00737299577754533	0.0818743833415935	0.168888565402456	0.0861083041271778	0.0913384936129608	0.0896736642723392
"Sample_2S6"	3.14809026251151	-0.0406040905997607	-0.0641665831224865	-0.0601136435065816	1.14312928141926	-0.0259913152402314	0.0821555725529984	-0.000618243580773446	0.117243371650235	-0.0431616404040943	-0.0610887369201023	0.0931594871893568	-0.0516595583671409	0.0366244651374588	-0.010193376096964	0.0827056718495855	0.169063926048146	0.0896081502586846	0.0900978501496849	0.0853285726134616
"Sample_2S7"	2.82426628991274	-0.0404925654608106	0.0360693190690334	0.0773652654512436	0.936948544892615	-0.0355132596371946	0.101512338103897	-0.032729243562582	0.126112101929751	-0.0347514359921572	-0.0604882477117785	0.106150223051552	-0.0593368542124345	0.0612341901604562	0.00663187937693432	0.101898349788423	0.161742554730588	0.113006770599639	0.107417683969039	0.116485308648691
"Sample_2S8"	2.40613826384166	-0.0441005055331811	0.0095934737457015	0.0266420847982919	1.62664668418884	-0.0119999879889434	0.0679861238952619	-0.0348504913137584	0.118533735453674	-0.0664104338393469	-0.0649505998080145	0.0699261027250407	-0.0594998389272749	0.0187958555902965	0.0146752374449715	0.0669370399523673	0.127256617422292	0.0651918648726322	0.0713652056845575	0.06359183478499
"Sample_2S9"	2.03327280774936	-0.0409209076169955	0.00654428712158409	0.0353738808526608	0.947183774988342	-0.0394911581107305	0.0642707365559251	-0.0162564225798883	0.219952425463184	-0.00696555434089456	-0.0583237908478203	0.0655078480892181	-0.0308150817536766	0.0315428531282926	0.00808559107974072	0.0617521926338078	0.231696314958204	0.0653633590249547	0.0661420571042402	0.0588398634020411
"Sample_3S1"	1.9303500909428	-0.0453508078474732	0.0340099358683217	0.0554672251361669	0.783524542032902	-0.0396488980824894	0.0625634393828613	-0.0301107330190956	0.176125389257222	-0.0433853736691917	-0.0653766278169809	0.0560085562573282	-0.0473151325503928	0.0297071765779405	-0.0122221171420227	0.0614796556757674	0.207687835653363	0.0660848252233477	0.0675131775050185	0.0575981492858134
"Sample_3S10"	1.76063951640583	-0.0394975754664857	0.0376534932570542	0.0723493078424642	0.961713346411317	-0.0451416026614522	0.0581002756542271	-0.000169528004534722	0.241386371327398	-0.0310405465242125	-0.0557421728958208	0.053150644516003	-0.0360799750356292	0.0256737121725941	0.0121086456446402	0.0566637351348539	0.180995922584211	0.0544350145132334	0.0505699032755078	0.0490940643088901
"Sample_3S11"	18.7973045928644	-0.0488354463722857	0.000811843874173827	0.0276311790913538	0.937773746344153	-0.0489091935658955	0.155777109420842	-0.035514007226845	0.138057114664019	-0.0597019074461383	-0.0747241108293819	0.157890316725226	-0.0612581975433436	0.07834818886645	-0.00279335270828365	0.152748847120532	0.15656275513672	0.153800059216701	0.148369339021494	0.116337774313699
"Sample_3S12"	6.41824119318827	-0.0379991348268387	0.283528740961745	0.372460687881573	0.704897021664085	-0.0428270206848245	0.106868407497293	-0.0315826699584147	0.203641933289786	-0.0440310590394088	-0.0584724854211146	0.101838187232925	-0.0396526679597094	0.0615213025604001	-0.0126048655075875	0.0933216482398495	0.183514648008323	0.0993211943088936	0.111113347634411	0.107023014605099
"Sample_3S13"	7.08336171229621	-0.0479516773000382	-0.0631780648499713	-0.0619060390177314	0.900729338534995	-0.0449266754982656	0.0790987348085834	-0.0208389349573483	0.256258926111328	-0.0499526873473007	-0.0620428629835482	0.0683221988628278	-0.0332912293217268	0.0473643705657923	-0.000848036741637572	0.0750539939661241	0.235961430091347	0.0797954215483424	0.0801774023455808	0.0687316090079816
"Sample_3S14"	10.0423646545199	-0.0394207811646459	-0.0378699943639149	-0.0336985284844489	0.770303568743444	-0.0403179721856767	0.102172806010022	-0.0229952696131061	0.122420859095662	-0.0527441866789024	-0.0611079717945722	0.10162503087236	-0.0543235311688164	0.0575756154796097	0.00769244975718103	0.0978134657744356	0.168172010385482	0.0921801368602954	0.105341839604624	0.105781261007833
"Sample_3S15"	12.5704684009948	-0.0295545904966807	-0.039791106057536	-0.0435917070376968	0.673121671705236	-0.050292682605883	0.0774192095068766	-0.0283457972077999	0.0888851839803287	-0.0640484270895716	-0.0624043722345169	0.0942658981277852	-0.0612021021071035	0.0425973150506581	-0.018757535791885	0.0923639550475464	0.161411087773968	0.0895088967900584	0.0905239378986685	0.0821875948589423
"Sample_3S16"	1.16569369500545	-0.0478781673834746	-0.0610346651494602	-0.0653470914066825	0.917843088207445	-0.0287126360885283	0.0760053256001138	-0.0329778079474175	0.109630686364244	-0.0627198850404965	-0.063468393865919	0.0791874392995205	-0.0508994886175367	0.0384322942867256	0.00497615125205968	0.0761284666162758	0.192195077860001	0.0736230151425097	0.0763097330828366	0.0762596299412631
"Sample_3S17"	14.9341285024976	-0.0411135783644353	-0.0284434078688945	-0.0227832703055187	0.738837390950768	-0.0562914120585071	0.0553298771854153	-0.039080076761959	0.150818462113175	-0.053516864548672	-0.0607781310965898	0.053723584322882	-0.0604116866817195	0.0231596962322286	-0.00132338333769094	0.0485857339628569	0.131093208892794	0.0580637841793108	0.0528887025457265	0.040769856113075
"Sample_3S18"	1.43377714743697	-0.0394010999014961	-0.052476332696907	-0.0473247101987117	0.681532934512149	-0.0495847073717318	0.0817395197443955	-0.0205572770247121	0.147429745062533	-0.0647784760921637	-0.0659395980650736	0.0802039487592506	-0.0586500810554934	0.0304166109890765	0.0131176120994369	0.0867835221578408	0.150830090294776	0.0912117021447856	0.0797197490602943	0.0818285873415895
"Sample_3S19"	0.973667441458411	-0.0448722148044843	-0.0502954928088122	-0.04190808655002	0.636994204695044	-0.0549852826262019	0.0744946452362389	-0.0250937239120571	0.121009806342783	-0.066773897248691	-0.0586277239813839	0.0613182555358985	-0.0626397025652403	0.0217866972898647	-0.019797852431353	0.0584206508613643	0.129605847063402	0.0637203887716194	0.0642095277446821	0.0458072793380556
"Sample_3S2"	3.3861805645666	-0.0427290977387538	-0.0627259616294161	-0.0657305831295693	1.04343482953499	-0.0298848525857096	0.0922299883969434	-0.0346996543314289	0.141446945606545	-0.0606912079212698	-0.0676738630722014	0.0917085751062123	-0.0556106090108945	0.0451284638566354	0.00548606838766382	0.0986329944710341	0.177289961866819	0.0963592355211732	0.0973235893885814	0.0986378168836364
"Sample_3S20"	10.0423348424291	-0.039549158550061	-0.0343075925963736	-0.030334724642272	0.950152085814226	-0.0375565055033903	0.0892191426824232	-0.0264403446906005	0.146586937534404	-0.0481594696054694	-0.0595768745219123	0.0963120527889166	-0.0566626282042113	0.0503131884025003	0.0126666583903518	0.0882261936528535	0.146853197792197	0.0988357116906845	0.0980722819757545	0.0865211900619495
"Sample_3S21"	12.8247305342471	-0.0453290800646821	-0.06012159949152	-0.0635048893850879	0.825902337557291	-0.0452935765581617	0.0772968597730226	-0.0278726551054579	0.110472121806095	-0.0391955324394972	-0.0680271949370569	0.0869847425179546	-0.0526779727499297	0.0402541278155632	0.0188195839277019	0.0933387010721834	0.138195515644668	0.0871260705241202	0.0818008454612238	0.0991149345248861
"Sample_3S22"	2.79466893894676	-0.0410597827471967	-0.0552065868052589	-0.0506491392867135	0.969654261536352	-0.0337883125773625	0.0623954706386073	-0.0287328596826974	0.140215254746888	-0.0469204849211607	-0.0614437563995384	0.0713880675320543	-0.057340896581362	0.0237906074299619	0.00541565326015437	0.0648640601649636	0.12891724455574	0.0649630295623855	0.0785100971282176	0.0755268693183804
"Sample_3S23"	3.56172149068162	-0.0462764550895753	-0.0585165028504325	-0.054907879935879	0.944300885246108	-0.0401000397989814	0.068405291389855	-0.0305310700669061	0.154228511374137	-0.0566809268323139	-0.0745693499212946	0.0671610189064863	-0.0548761633700723	0.0319680819671085	0.00933654365907602	0.0697678037420446	0.133928917980817	0.0691627138009002	0.0676207825983713	0.0679259155763837
"Sample_3S24"	14.8803138664303	-0.0404015843356073	-0.0543868232757418	-0.0565317279340202	0.798064180795522	-0.0320377804994553	0.110040852045596	-0.0344594440272482	0.098954031162485	-0.0612934697978987	-0.06083930593097	0.11655775350545	-0.0582197907758309	0.0644140502778178	-0.0174906474854873	0.117602464240191	0.184972906776054	0.109638792935465	0.10448609469232	0.117812694580765
"Sample_3S25"	9.39320585372805	-0.0504821007150923	-0.0554056159865842	-0.0536556043972338	0.993253829411853	-0.0419732675480708	0.0445834765173698	-0.0409058927659003	0.130060668122275	-0.0603780468844886	-0.0645634194018244	0.0513885054862588	-0.0576858634902118	0.0134183742008098	-0.0136574127527669	0.0490696467243577	0.108750506961089	0.0489242198887256	0.0535489848932583	0.0478394172008531
"Sample_3S3"	2.83646470181729	-0.0340426806740238	0.0986224472411496	0.127786125703099	0.809907152372065	-0.0480883277044007	0.0893090279755387	-0.0255014847572029	0.13082508234613	-0.0588600482892105	-0.0584155626193278	0.0999510459446736	-0.0578594061055165	0.0492961417459016	-0.00965706285750634	0.100085331468321	0.141388283243178	0.100965819922371	0.10115829584314	0.0946943042015712
"Sample_3S4"	1.84871949810609	-0.0411453232390224	0.00662555617533869	0.0341989505044255	1.11686206972902	-0.0236942788679631	0.0500187543833567	0.00910037393330112	0.33883759331987	-0.01100741444678	-0.060696466842954	0.0600087521341948	0.0122603433412191	0.024224688006311	0.0315747920749326	0.0529796506725693	0.202112747723785	0.0492035230499795	0.0457134579187318	0.0428187806701805
"Sample_3S5"	2.60158378341969	-0.047795353987586	-0.0360163765501873	-0.0357800119207493	0.891304830894878	-0.0374472128601728	0.078966271729214	-0.0358492550799556	0.122862997023589	-0.0387357245996702	-0.0635525254673464	0.0755326323752478	-0.0563846905535898	0.0384343421571329	-0.00487293551540089	0.0780779170703977	0.144598882401403	0.0797361312989899	0.0832850889510493	0.0677425833075604
"Sample_3S6"	2.82872275492449	-0.0430429625643142	-0.0554619624738722	-0.0592908516491182	0.995443099617021	-0.0380650599098573	0.0967534679543047	-0.0122903690021249	0.122223614725059	-0.0590625747960664	-0.0636615742833842	0.10386433344059	-0.0513719234132821	0.0409679884786722	0.00765939462207316	0.103441909467394	0.146793301711745	0.0937618269557052	0.0954749954674502	0.103125368961408
"Sample_3S7"	2.86543672826908	-0.0404674020858529	-0.059493100563082	-0.0587493053306997	0.905787427104337	-0.0342582294877215	0.108351513366764	-0.0322112893270671	0.12278555361015	-0.0664681496099186	-0.063939566825088	0.116852066830323	-0.0588299444509059	0.0335872769155006	-0.00101153261541533	0.109936623303359	0.160607046391954	0.103087748141164	0.0994646556822786	0.0863193649378116
"Sample_3S8"	2.55997685858852	-0.0257125071385141	0.176427065211519	0.179152911075191	0.625473836554697	-0.0472650607872621	0.098418141733164	-0.0323347034683355	0.104829331744483	-0.0575880475249819	-0.0513555698764684	0.0861658495452444	-0.0494037739115431	0.0564755391544922	-0.0190404990463609	0.0772755166196852	0.157723710999562	0.08421275715595	0.0924933426757896	0.0799991322870652
"Sample_3S9"	3.17592887216773	-0.0446790373373186	-0.0606385154461788	-0.0586729679582712	0.959426936568802	-0.0495617922716468	0.0921067842574554	-0.00959476103411942	0.146028877822839	-0.054199842495815	-0.0672129765932059	0.0918390246107754	-0.0545202487973238	0.0451750567121624	0.00845102758277396	0.0892114927133939	0.143490452367716	0.0827314021114896	0.0707094906520778	0.084653139884922
"Sample_4S1"	2.5956556624905	-0.0447094137876716	-0.0557598400090512	-0.0607495257675154	0.8928123289356	-0.0488932491358421	0.0841491408179923	-0.0123351552106243	0.164799651991534	-0.0231502249078254	-0.0619617582249501	0.0867380814376714	-0.0528861284821443	0.0351697513180185	0.00794387023027278	0.0845792978682369	0.147540809238972	0.0837300498801074	0.0867270375009668	0.0804676079441142
"Sample_4S10"	2.08413145426002	-0.051544340706337	-0.0102483959559685	0.00745647299159717	0.76110889380808	-0.0462135048800048	0.130779556297487	-0.0387920554501301	0.114430083795338	-0.0634084223174821	-0.0672186919840567	0.128308446117524	-0.0612080342304781	0.0631385089972966	-0.0179608477788857	0.129272675393434	0.188344868736304	0.124983156454	0.120614931102489	0.122418049416793
"Sample_4S11"	14.5986651160226	-0.0433160030446718	-0.06355392598287	-0.0626376293072161	0.968094622339409	-0.033591438500232	0.0530174445518802	-0.0273327602108671	0.128404832178706	-0.0653080417927671	-0.0614802281575555	0.0471492256882077	-0.0513430497830436	-0.000273402596072851	-0.0104871818471129	0.0527514232774361	0.16960560621778	0.0542831302036993	0.0514813736246122	0.0372547091221818
"Sample_4S12"	11.60593530547	-0.0473562716291556	0.0501031309128567	0.0836685661695477	0.743031438720237	-0.0415586034975703	0.0802492205769097	-0.0434211094856356	0.134010165019801	-0.0492085806654023	-0.0641094123185273	0.0785872003730796	-0.0585819054512056	0.0274822036472742	-0.0154402329372233	0.0679839926620481	0.173856332981392	0.0697355613815331	0.0709934185067719	0.0631611401630084
"Sample_4S13"	11.4363283360025	-0.0356045920221254	-0.0501061993713416	-0.0424929053459284	1.02791604714556	-0.0307906551995131	0.109785155429423	-0.0312711155703546	0.123788764886104	-0.0612851709709462	-0.0671863033604473	0.0972767341089936	-0.0563554281790461	0.0436905795360932	-0.00561609209008548	0.101417497068335	0.150061092020945	0.102395862507272	0.0980086568862011	0.0958646571544393
"Sample_4S14"	1.52836497914195	-0.0467958050081417	-0.0445730517411359	-0.0385017499249875	0.915028013102198	-0.0427243407511696	0.0913989431133817	-0.0456708640969761	0.114863191927038	-0.0705913094861847	-0.0681734738125302	0.103220916509653	-0.0665540241485903	0.0446546626618687	0.00632568040615622	0.101251242986068	0.135950880067805	0.105348104645155	0.111595237241415	0.0933459857069017
"Sample_4S15"	13.3789016679615	-0.0418497622051569	-0.0383414689848779	-0.0263781475062965	0.831102678055141	-0.0371103061125079	0.0875014584975991	-0.0281861761101365	0.114204535495261	-0.070727125742187	-0.0736313739117349	0.0879069754641245	-0.0666286109246982	0.0431542236671801	0.0107764927474639	0.0915662885913872	0.126153337075429	0.0858808126325126	0.0907588873456214	0.107626422082804
"Sample_4S16"	0.884318484232727	-0.0451042029450389	0.0360196415439568	0.0514415447720231	1.08558244698256	-0.0197538623320865	0.112528161217643	-0.0265443385392393	0.135517855940094	-0.0596049358989033	-0.0650380957550692	0.11308450298638	-0.0546154663657166	0.0627976528800414	0.0138791522056331	0.102561980326955	0.171239748251406	0.111364599581353	0.10539669989635	0.0898985496194619
"Sample_4S17"	11.4419296766566	-0.046246264913689	0.00466998203208707	0.029649225107378	0.789529008123624	-0.0461688147384159	0.0715449419493828	-0.0198667426586186	0.133568070845093	-0.0297666747222583	-0.0617761084848971	0.081640807673212	-0.0566152894723345	0.0320067185030971	0.00754550644272491	0.0800058797997539	0.142730897544623	0.0643341207035783	0.0826839851430961	0.0698204002563561
"Sample_4S18"	8.72514052407381	-0.0405815775318268	-0.0479878601632398	-0.0545740652719559	0.697741796195183	-0.0387545056380802	0.0933948579431363	-0.0232710497507398	0.125741556162723	-0.0663487935359197	-0.0654538691468279	0.0880791187603391	-0.0603684742320151	0.0509541025036629	-0.010412748325667	0.0924538248879074	0.161451290863149	0.082007076494795	0.0914104036903557	0.108970212707687
"Sample_4S19"	9.30953100535579	-0.046486612303442	-0.0230066589963163	-0.0172222826278774	0.807150500925393	-0.0374733220771421	0.0884921426225017	-0.0383199577981721	0.112542030304967	-0.0621654392814543	-0.0652457776211989	0.0905132056701809	-0.0559466670468809	0.0428974971664016	-0.0129191195621276	0.0802944931346253	0.17197135565991	0.0816069489483825	0.0817148037373752	0.0863473712015384
"Sample_4S2"	2.43568619784886	-0.0489151878754112	-0.0350641958906232	-0.0277366652252377	1.32391001893347	-0.032131137028904	0.102072007937525	-0.0362679240379013	0.121669616216594	-0.0731318416783881	-0.0702976893461789	0.094575053486856	-0.0613212336896632	0.0448623386966908	0.0139339704614408	0.0906073958015139	0.121986892478674	0.0940295049990464	0.0889093884651637	0.0823519158878071
"Sample_4S20"	12.9508545010204	-0.0454254805391038	-0.0639627465572838	-0.0593985401051398	0.926580569666124	-0.0388660720813541	0.0973722154456877	-0.0186998960263926	0.123585503463094	-0.061926325794949	-0.069889177828884	0.0999564572982684	-0.0569627042400216	0.0449930672014652	0.000539778445036458	0.103317524646783	0.144749443154673	0.0919111062145091	0.0966683302241804	0.104361695650915
"Sample_4S21"	8.59290828430529	-0.0510206693520844	-0.0416682942507812	-0.0331271641888484	0.914960334237635	-0.0432729881463366	0.0684664474729429	-0.0461296520873322	0.12490713117497	-0.0712542617273989	-0.0732073895082694	0.0614451984867751	-0.0657992502334111	0.0152171630490849	0.0125873346515246	0.0651476272168765	0.1343809117333	0.067908045928863	0.0607960183752856	0.0545809126920333
"Sample_4S22"	14.5030448920308	-0.0482080802191287	-0.0419101850845297	-0.0329424470517172	0.76251308412163	-0.044776520925456	0.0740773784840043	-0.029606996754283	0.114287615282557	-0.0689927858957663	-0.0672480060260312	0.0701199534876174	-0.063430838049432	0.0206072702937842	-0.0103003208797856	0.0736129897009078	0.174741370074459	0.0675863326494957	0.0797598031896593	0.0743505360973422
"Sample_4S23"	1.13229740872919	-0.0378400888768797	0.0671440801867704	0.123666431448536	0.951931467292843	-0.0548986283954225	0.0846027132041871	-0.0127689641852866	0.195750204119242	-0.0317537440316304	-0.0579910054707611	0.0770976918271592	-0.0461016482326588	0.0181179656139967	0.0258766529780072	0.0948484178345615	0.168730836104607	0.0826740183995729	0.0703941492012007	0.0336089382631054
"Sample_4S24"	2.19357985374109	-0.0319691728511508	-0.0327719113913225	-0.0377708759849686	1.04227290580403	-0.0456755456414487	0.102362516127114	-0.024680273939111	0.187600867719013	-0.0525026316035665	-0.0522417202553676	0.0939975988447922	-0.0546510997126598	0.0514559873836221	0.000266852551329413	0.0895825424678642	0.193956896077927	0.0845815088838298	0.102179120141769	0.0834773208036651
"Sample_4S25"	11.7984958579005	-0.0375900463375682	-0.0620449534195306	-0.0617489936852519	1.01752900388816	-0.0311286432943914	0.0871551659670984	-0.0221822034268475	0.130881121841178	-0.0556925333720922	-0.0507228225036407	0.0842001731489721	-0.0570601738578457	0.034866474097766	0.0123396081275058	0.082959261220321	0.12975696902525	0.0823189386599194	0.0842893658123559	0.0926586353898683
"Sample_4S3"	2.13238234577315	-0.0412618428349264	0.0260098149167127	0.0382683110710324	0.604968899602187	-0.0455860989190216	0.10999707401833	-0.0342382895843685	0.138274008190328	-0.056201170066252	-0.0657663643449755	0.104362470786238	-0.0505938381903802	0.0577122190732095	-0.00790083204125507	0.102572077377566	0.16590792810689	0.110791643423896	0.0954975488014752	0.113284991760816
"Sample_4S4"	3.74112814818247	-0.000368186477209797	-0.0416303755362258	-0.0363001543052777	0.944207788964297	-0.0440757107746252	0.201231541580073	0.0176441687287635	0.197383517536422	-0.0602941704310416	-0.0343867408947637	0.19035020066886	-0.0460711093523739	0.0866760112563756	0.0240438759259088	0.1996454923054	0.167632337730509	0.181819355841222	0.191503738546559	0.13664709398972
"Sample_4S5"	2.37274369967505	-0.0421556720100587	0.0584689888097832	0.0903831593024361	1.55308876386757	-0.0160002614402978	0.0876803627931671	-0.0128743461640172	0.134857549427452	-0.0213470142447462	-0.0655453279823521	0.0784893834085178	-0.0499137378890704	0.0441343122422481	-0.0113528224377845	0.0859724891076509	0.160357323933789	0.0794749193178363	0.081632819047441	0.0888639754878124
"Sample_4S6"	2.99754773069886	-0.0284040345566118	0.0858311491592754	0.102991800548762	0.829842972219636	-0.0484466811045571	0.094979080469721	-0.0157068930749374	0.161215694337027	-0.0151201261447044	-0.0484454326643865	0.103155661200853	-0.054702310607184	0.0479014671498442	0.00222577085209725	0.0894053550607167	0.156776916666676	0.0885623741634206	0.090629840574591	0.0865001327705164
"Sample_4S7"	3.43032509492417	-0.0441636595560989	-0.0554967340767743	-0.0586094820514735	0.975176264069652	-0.0484463300992197	0.100229540764776	-0.0318384523418716	0.134124920064323	-0.05782323563195	-0.0671483154274871	0.105814291582125	-0.0605948532414103	0.0460379909242644	0.0044132824296762	0.0999615140456199	0.151640933210089	0.103132701657454	0.106948184776286	0.104504335471019
"Sample_4S9"	2.8219325374996	-0.0445382423333578	-0.0201527618366699	-0.00756891218677759	0.820141020695365	-0.0541114638376916	0.0733211848849831	-0.0222556282067629	0.123511693726893	-0.0534956194425135	-0.06443649973643	0.0744817015380811	-0.0623388885285715	0.0340814245435834	-0.00442172741468232	0.073671545450795	0.105130225503324	0.0813622062085175	0.0731820872533497	0.0538916799833609
"Sample_N1"	14.3788564345051	-0.0515068635206166	0.0234480788005193	0.0421226305899402	1.2561037784574	-0.0239676231136085	0.0706740794204804	-0.027365774424202	0.103283147452184	-0.0489253416520628	-0.0625846471793447	0.07174817367003	-0.0588879952738179	0.0315939068311513	-0.0128911605774922	0.0680805699495593	0.146633319429834	0.075868031205547	0.0716228651694181	0.0523882991501665
"Sample_N10"	16.7688770828538	-0.0470819906157016	-0.0477957676152496	-0.0410468986227138	0.961620406484644	-0.0301371363397392	0.0674494455032612	-0.0279199034115858	0.13605153264655	-0.0549439048061837	-0.0674492778092245	0.0745290705519147	-0.0588540986128399	0.0274118851944101	0.0121931896965553	0.0684359146311642	0.168419457021392	0.0703067961247329	0.0743052472330806	0.0684502122414978
"Sample_N11"	17.150370963606	-0.0437442037608802	-0.0544287145635811	-0.0481602882781813	1.13816737060551	-0.0253410361420282	0.0933720708935241	-0.0212215469543265	0.147572315522786	-0.0612213563566405	-0.0634902648921474	0.0924637070593688	-0.0588547715593922	0.0509114366926034	-0.00586023686547231	0.0930855117124964	0.189688666384317	0.100954688464999	0.0953123017772746	0.107166936166278
"Sample_N12"	19.7749031192205	-0.0559569746072491	-0.0605496390022805	-0.051614850599225	1.03426517617587	-0.0257998176254716	0.106261166273422	-0.0401530570415811	0.141076651935414	-0.0751754867495866	-0.0733950249336474	0.117279605625916	-0.0625865631304062	0.0510945887285786	0.0197818593193556	0.104709008003454	0.154645968405022	0.114904246349047	0.107650263069579	0.104855556190684
"Sample_N13"	8.94800024673806	-0.0417349019684751	-0.015441463647158	0.00794882867359147	1.13861334212817	-0.0204404527692113	0.0484229615028914	0.0193398370621781	0.168259688979058	-0.000920871692549936	-0.0583824080033638	0.0574907004450049	-0.035677096256623	0.0147666937267646	0.0112790602524836	0.0581299276855926	0.179914097603757	0.0512448884470739	0.0594224717629645	0.0369779947791076
"Sample_N14"	17.2520495462146	-0.0484999301178611	-0.0510228689582001	-0.0559425556618231	1.06516240366643	-0.0402350259577172	0.0831664780465376	-0.0411586039413441	0.125507810697667	-0.0720698851934329	-0.0705450785944496	0.0816347236000126	-0.0655280412563308	0.0398606494619613	0.0103319763742706	0.0736329078354898	0.11582571550313	0.0828653746913581	0.077901236383476	0.0786379092578165
"Sample_N15"	20.1866972184351	-0.0273302219619013	-0.0309128399090795	-0.0203914325808078	1.14449720906901	-0.0209550957159473	0.0964080137733585	-0.00220302212912132	0.148084524398137	-0.0474180330822422	-0.0454315216381763	0.103398555771204	-0.0511232704379744	0.0353684613740841	0.0178243008822843	0.10363938434408	0.139959417589973	0.09696391199284	0.0970003048143177	0.090917641736721
"Sample_N16"	2.96411595793322	-0.0378597699519008	-0.0523752505421122	-0.0469797063641196	0.948008025560014	-0.0396242871474654	0.104257176249569	-0.0184429355466386	0.167950446970498	-0.0679971464105013	-0.0653995668734128	0.107616908499473	-0.0551924571050378	0.0476165943713073	0.0256760730906352	0.099870478289076	0.151278102465661	0.080940594340078	0.0916920798203359	0.0905531633440148
"Sample_N17"	21.4307630244066	-0.0529956176756339	-0.0276032889481645	-0.016637723817745	1.36175504831096	-0.0351601573929252	0.0559019887709963	0.0247261188201455	0.172936014832207	-0.0166319086374006	-0.0697152291432755	0.050657422048617	-0.0481881389471981	0.0116680331884442	-0.00185122229139833	0.052106367448586	0.166536602210808	0.0505105436160467	0.0485977046162078	0.0392038001933416
"Sample_N18"	14.5755191916257	-0.0352591176930359	-0.0121297206168248	-2.52714100051155e-05	0.903606040709286	-0.0307083364340121	0.0707832716042645	-0.025014998842141	0.153408016782219	-0.041808731631214	-0.0574722931434333	0.0646094375855001	-0.0536093895881752	0.0231135377670938	-0.00400758254750817	0.0676914424248571	0.161809415133752	0.0738826226374129	0.068113266368842	0.0625904237181171
"Sample_N19"	16.4547065305475	-0.0110242294637327	-0.0224772826674652	-0.00592218355289808	1.13087007601132	-0.027523023795101	0.0730071014496317	0.00111413283039491	0.139412984685882	-0.0190032210980448	-0.0351347694189965	0.0738446661143828	-0.0508994936065165	0.0325110801640904	0.000821011881751915	0.0692241808875812	0.14512206516617	0.0805401843384199	0.0700258442093201	0.0678766827395358
"Sample_N2"	14.9461679050396	-0.0539180420476273	-0.00468282926521273	0.0111686995179205	1.04216455421405	-0.0311872170417042	0.103256811288505	-0.00405294212209438	0.12388987040444	-0.0650218858651541	-0.0740923236598756	0.102106236156486	-0.0588220155362883	0.049452832624389	0.0116399014975049	0.102877103876863	0.170153538944058	0.0943630318100057	0.0957024553606804	0.0873061325171917
"Sample_N20"	2.77104586718458	-0.0509004636485947	-0.0283743127344225	-0.036340596704768	0.914209107044226	-0.0379770439503224	0.086539657979185	-0.0136172870812375	0.104558220699559	-0.0595580952304319	-0.0664705103916787	0.0790487437098037	-0.0574091486133641	0.0338055664285909	0.0106711357550758	0.0698451786747612	0.109296763890929	0.0800807263935643	0.071394781139854	0.0503065620794994
"Sample_N21"	16.6024239345143	-0.0553634930298203	-0.0403188234789219	-0.0406258941946518	0.927761635346583	-0.03557520132476	0.0649449516027988	-0.0375961057612685	0.109130704203649	-0.0732074798440377	-0.0741138314824462	0.0605939939852638	-0.0577277909010588	0.018346884548384	0.0255493847418141	0.0708134559159599	0.121499285783728	0.062604399693752	0.0583328324827378	0.0500672220505963
"Sample_N22"	16.1676820565983	-0.0326033602827167	-0.0491310952596215	-0.0417279543556914	0.943681852258474	-0.0363583808911624	0.0594183309201991	0.0249796134843134	0.13807202708439	0.015825212663122	-0.0564042473010355	0.0698578403037176	-0.0484814498007321	0.0240259629131672	0.00606841846382911	0.0617413158967889	0.132996753059816	0.0620748460890123	0.0635780699155814	0.0657918212515952
"Sample_N23"	3.01475714332022	-0.0395409596429103	-0.0578800365994648	-0.0646194984755962	1.13787689692303	-0.0229071631599511	0.0894466211144911	-0.0139483794686924	0.158720515196447	-0.0547534904747454	-0.0650445382262211	0.0883068358335488	-0.0490661986071235	0.0275649245776502	0.00243040902916417	0.0837840564040017	0.158454505873347	0.0902981759318237	0.0908965000764453	0.0909467464176354
"Sample_N24"	17.9689060294475	-0.0521947552771038	-0.061351394056496	-0.0624401749478895	1.12627498942961	-0.0260114241377298	0.0680723157001931	-0.0274305321531937	0.125485781790846	-0.0608155814895948	-0.0685903592173421	0.0696823387071431	-0.0598698269188155	0.0250098216280755	0.0214393034634165	0.0647515939336065	0.145371669918559	0.0672473653384982	0.0728213282551077	0.071169536109921
"Sample_N25"	11.7489203437704	-0.0490050864941541	-0.0430781824656128	-0.0364600965111003	1.05969837050111	-0.0352074840122721	0.118310069208616	-0.0471599112796033	0.145849505532446	-0.0726206752215764	-0.0707185513106703	0.109283924582195	-0.062848683475761	0.0611279404779268	0.0213456573430016	0.110097813425128	0.152338720382354	0.113055739392727	0.111352598343192	0.115978345439882
"Sample_N26"	10.0501650035403	-0.0385415781491339	-0.046926662749299	-0.0548134677348069	1.08053127747572	-0.032035087010945	0.0813555853021157	-0.0234317142815035	0.121331374712978	-0.0563936731314316	-0.0584242121118848	0.0936915828801462	-0.0589140725487899	0.0335781397485045	0.0222647640334885	0.0708345428312518	0.124447147487913	0.0805401533063897	0.0937065066164789	0.0774341387332145
"Sample_N27"	13.5291234627413	-0.0511059072648123	0.0923148547311153	0.119812767194452	1.06746784813942	-0.0391445927387793	0.0759960532106543	-0.0284314511097642	0.118742118812598	-0.0574746065071545	-0.0667136170436818	0.0809587073323384	-0.0579966717284446	0.0348468960787425	0.0172207170518378	0.0685176145128084	0.131328578544491	0.079441962532483	0.0791555534683439	0.083022225701
"Sample_N28"	6.59915385800533	-0.0511995721146757	-0.0280376025648614	-0.0121239585959222	1.14206201785793	-0.0305540302110528	0.0493912779235372	-0.0211922972183241	0.128528946051854	-0.0574985377089363	-0.0677321736487031	0.0476524282924575	-0.0596685576659635	0.0157373729309255	0.0309735652401181	0.045542956866345	0.160078702024914	0.0551968078299345	0.0481937869682801	0.0479670127354336
"Sample_N29"	9.80155004884657	-0.0437649795180882	-0.0383431378358523	-0.0340408990119323	1.20101360900936	-0.0284529209823572	0.0633476520985027	-0.0386227856033518	0.127933432279749	-0.0639710475874994	-0.0690120329082296	0.0719841148488955	-0.0603298884140796	0.0185123089301392	0.0152309049875035	0.0767282912573019	0.143870965739232	0.0702043285961173	0.0680121703461917	0.048775108372456
"Sample_N3"	20.5941532283552	-0.0397318233986283	-0.018286644534406	-0.000143314226092846	1.13455829060578	-0.0214734590879849	0.11822115507713	-0.023361225825833	0.128581416430524	-0.0671854963902448	-0.0614682257265352	0.119749601847118	-0.0616017456106908	0.0525917724696694	0.019845137667012	0.114775599340979	0.161798791919117	0.119117491248799	0.119537909557444	0.100213967229789
"Sample_N30"	10.331986710771	-0.0512374868144619	-0.0352884004948471	-0.0339105923012091	1.12522590245868	-0.0361192843011232	0.0950830191583012	-0.0247300075073271	0.136394030364148	-0.0674409294739114	-0.0733613009130554	0.0902846720508496	-0.060494232844663	0.0405839262857739	0.0222693268570931	0.0961560497938593	0.157250322706289	0.0950445997057273	0.0951427891554674	0.0761765176881245
"Sample_N31"	11.2847709816515	-0.0359406650335132	-0.046975213551349	-0.0461545733396976	1.10481783435646	-0.026199561763086	0.100699383369257	-0.00948623545060274	0.130453251407362	-0.0487407957353633	-0.0584804130206563	0.106336818634012	-0.0582803073417868	0.042460366471598	-0.0103526395513913	0.0964356630572338	0.161564974956182	0.09960288954826	0.0938682128779214	0.0915508178014995
"Sample_N32"	0.97610173773251	-0.0528977371424607	0.0278566557284847	0.0563236605615205	1.03664287985967	-0.038642959087078	0.0910605469706649	0.037069056233769	0.136137267545114	-0.0613004659060341	-0.0718716846350383	0.0852310132680633	-0.0575592858415516	0.0410994417034234	0.0308103243453362	0.0820784776627521	0.156883596614306	0.0961976549162751	0.0881717237402362	0.0665303177640354
"Sample_N33"	12.169145134014	-0.049894698201329	-0.041522101556891	-0.0319561610550577	1.01391234085073	-0.0400093567486296	0.0949876064691257	-0.0421140318851072	0.0916007906458839	-0.0678124854860901	-0.0723407509363957	0.0931139967974267	-0.0640696405718719	0.0491220196171776	-0.00196906568065221	0.0887973905706512	0.150159558469363	0.0861639721325705	0.0920337451869392	0.0988944348453619
"Sample_N34"	16.4359306945508	-0.019861579282678	0.0503181030091929	0.0599116431601387	0.952157125047325	-0.0469439710060445	0.149765344643749	-0.019292319391894	0.15386457798563	-0.0471292580333455	-0.0652618771162685	0.152712774902209	-0.0631945881782871	0.0715328008195252	0.015515390337646	0.148149978905399	0.127393764910452	0.150973992810567	0.144300457902409	0.117590628164497
"Sample_N35"	12.4430442328478	-0.0512212836271641	-0.0219184453149898	-0.0226938364920111	0.816820245539026	-0.0456785187529651	0.108966568283169	-0.0459872541971401	0.129851125522186	-0.0697313066252508	-0.0703610304333405	0.116800254198636	-0.0642126500207114	0.0452747767619832	-0.00239832500009124	0.104075310113122	0.157298591195919	0.104607633716675	0.105282421840566	0.093850838320307
"Sample_N36"	1.51535776270532	-0.0437764086789514	-0.0201430276896	-0.00621050518732773	1.06552704448674	-0.0363145722576188	0.0904183590479519	-0.0185174059192571	0.153842749545871	-0.0535660053789733	-0.0621852917971424	0.0831702846114601	-0.0474990026990422	0.0354910448922396	0.0166683449365791	0.0828950107839081	0.165317154028288	0.0914576978676533	0.0835316713444221	0.0693340908890811
"Sample_N37"	0.704370247887508	-0.050527300851506	-0.0257918563936262	-0.00678611375091142	1.16831073614501	-0.0253341091764454	0.0855609136544362	-0.0270916847172349	0.093165775123898	-0.0705822731070976	-0.0698216715028377	0.0835996822289077	-0.0565681055675457	0.0328549455922992	-0.00138915831854414	0.0734874196751882	0.171147908900028	0.0771516172049684	0.0828180129146366	0.0661210890081903
"Sample_N38"	9.70391060884218	-0.0532361112910828	-0.0298265056149438	-0.0245189398974808	0.99482753484555	-0.0356376356360637	0.0805615798873601	-0.0430481951769487	0.133430874117126	-0.067228442996908	-0.0728795084663352	0.0744485013813923	-0.060852081251471	0.0380600013574163	0.0138439381692541	0.0836711137959592	0.163063710084742	0.0752485943884499	0.0865756564699723	0.0835925434862644
"Sample_N39"	7.31516993792086	-0.0523377659760641	-0.0380256770092004	-0.0260474270440251	1.02338132801206	-0.0347936868480847	0.0750069070447593	-0.00585629435104953	0.137047576612882	-0.064842358078646	-0.0707291058374094	0.0848349021407249	-0.0566177149404856	0.036589644948215	0.0205523307078454	0.0824666296480749	0.153573120863559	0.0833981573183509	0.0793280351053828	0.068715914508865
"Sample_N4"	18.0367228024771	-0.0422561082471887	-0.0346099114957461	-0.0249870131204866	1.03573558872106	-0.0368065362909847	0.0987166487244876	-0.0247226049862153	0.135610949837445	-0.0679693057126087	-0.0716934972442475	0.0945702799522629	-0.061296594469912	0.035165102454317	0.0100337826977478	0.0859800462066571	0.158719258624596	0.0893514350234882	0.0962266219641161	0.0793791076651335
"Sample_N40"	5.73809624109019	-0.0527816985349639	0.0124720423742693	0.0150320881409357	0.968885528966961	-0.0111391558340186	0.134962338056463	-0.0193026625191486	0.11028611484354	-0.0481124364448518	-0.062261657654338	0.118927615488938	-0.0511336487153104	0.0836467742468455	-2.06388173588905e-05	0.12449241094359	0.20705279071987	0.127391510346134	0.124184548512734	0.105056558424047
"Sample_N41"	10.8150690825595	-0.0438858385515739	-0.0321238491357679	-0.0266538216360871	1.0499624899254	-0.0296829243406905	0.109827367858939	-0.0221381110157711	0.15107422712441	-0.0696002548274405	-0.0708961111091697	0.111239799242395	-0.0565969974407383	0.055946398219936	0.023684243187956	0.102323948279939	0.16805657836315	0.107266330203127	0.110301547117048	0.096523628385614
"Sample_N42"	9.29263769537508	-0.0539102713232314	-0.0300406901557808	-0.0237422195851427	0.814870687228605	-0.0447257595477718	0.0822977784161755	-0.00297531557615567	0.219142823265573	0.0045469377575212	-0.0720147504650746	0.0790762129279687	-0.0186277849025347	0.042110279017089	0.014406592771884	0.0818711043212068	0.231007065498158	0.0829212479210469	0.0783662624180543	0.0814384848049706
"Sample_N43"	15.9671167548626	-0.0391655098509399	-0.061959658714269	-0.0579416295600937	1.03002750829348	-0.0368993936928311	0.0574747890114291	-0.0112961925449518	0.124795276069306	-0.0506310208034294	-0.062484647938857	0.0657239070272731	-0.0557769328890291	0.0166097523498622	0.00889976152130767	0.0732479664885991	0.142240354233436	0.0752285578468337	0.0621783810016845	0.0589045578871292
"Sample_N44"	2.28883195087189	-0.0266509391303739	-0.0122742072745733	0.00504755100517314	0.802297573654203	-0.0311522603916476	0.116322064092032	-0.0150448636682743	0.120828776604831	-0.0559875769835671	-0.0597703543692047	0.125339366085369	-0.0496255562915772	0.0555834315485353	-0.00195582375144351	0.103663673099775	0.190947777487559	0.118508752004205	0.119395899851293	0.107323182740284
"Sample_N45"	15.7705590785091	-0.0504422787079637	-0.0571486067450688	-0.0542591510432164	1.16331350758806	-0.0276983524902989	0.0830897408641003	-0.0210416532277642	0.137635099670774	-0.0560752787884722	-0.0665931912372892	0.0824988522141261	-0.0489620650247865	0.032165637755908	0.003973939673353	0.0918385329258839	0.179815413136886	0.0959135201002976	0.0942243136709535	0.0944603981169144
"Sample_N46"	12.7925196845423	-0.0511438752285543	-0.00335433462106598	-0.00619848229079689	1.06766655595048	-0.0237568920897841	0.0793751479685472	-0.0231002128837338	0.186347875273425	-0.0657690554901477	-0.0694607197654761	0.0775557062053301	-0.05797812333332	0.0332823279989625	0.00512119308612757	0.0762708259709926	0.175201446004271	0.0716258687828374	0.0812424908723971	0.0553468565431523
"Sample_N47"	16.4424138394704	-0.0437349767679153	-0.0596779945171672	-0.0570364274671453	1.02227246752388	-0.0309609797805353	0.0983017258316236	-0.0269037866865619	0.113590952854118	-0.0659857807153515	-0.065138593329242	0.0849421641985212	-0.0567875758561871	0.0329052880142367	-0.00803170207631796	0.0769274489391466	0.153751144416931	0.0890774148913075	0.0801409781658462	0.0635568258049627
"Sample_N48"	2.00490661910135	-0.051902531932513	-0.0678479689432836	-0.068208435187075	1.0744951139465	-0.03633560073276	0.0664953480178357	-0.033034049442658	0.059036972286871	-0.0697509723196975	-0.0718409667883206	0.070249642361557	-0.0616465062234737	0.0280653575433962	0.00975928014051672	0.0606190800248018	0.121799921752624	0.0690488690047316	0.0586895031530821	0.0656041090522575
"Sample_N49"	4.33806387384309	-0.0302503488764069	-0.0570604511385737	-0.0553479107617629	1.30663983873083	-0.0329552423958603	0.132931378714649	-0.0173170719559858	0.147665235580205	-0.0595431697168047	-0.0673570439953212	0.120532936025703	-0.0558831291707952	0.0523872951007933	0.0158910872993084	0.135028598164759	0.145219776537655	0.126691871257344	0.131122161224531	0.129186370522427
"Sample_N5"	19.0275845995642	-0.0478594632545556	0.00393351102988245	0.0186186893737975	0.930882532637276	-0.0359900048929364	0.1131567354882	-0.0328760672399234	0.155928795164916	-0.0589378975415866	-0.0679958484929005	0.109392279274129	-0.0593619875582721	0.0704443805589816	-0.00764586662838291	0.104163132744146	0.185742122900782	0.110206425897586	0.110857925117125	0.0982060945672425
"Sample_N50"	2.54593990535933	-0.0386326313588499	-0.0582563543425362	-0.0570761382014909	1.17896920761729	-0.0311111003765352	0.117860112024018	-0.0149533683772871	0.150603701633125	-0.0658435356696702	-0.0576217688306595	0.121266330716929	-0.0575050955844535	0.0541063632099432	0.0120885250357293	0.114607206389029	0.16452107935776	0.114264722886698	0.125377224806232	0.108274788436665
"Sample_N6"	21.5104483561229	-0.0415883583160791	-0.0670192620020543	-0.0619563089251524	1.40414135809084	-0.0108213908511029	0.085502556107278	-0.0238200885568702	0.177770218920167	-0.0603640756184987	-0.0668692217104792	0.0970829008240414	-0.0470926366007847	0.0366482079284397	0.010540507433457	0.0931968012561298	0.161093490036885	0.08752443023613	0.0943581482848728	0.0841414526530391
"Sample_N7"	18.5746361799793	-0.0519904165596924	0.00646171104292158	0.0320016985513249	0.799220499593393	-0.0525075014533527	0.103289710460252	-0.0296219752842746	0.135829399008581	-0.0459922215642052	-0.067948156090987	0.0872255502164452	-0.0622182256871319	0.0359530831682049	-0.00459572314121216	0.089347589914336	0.138894147596008	0.0883227828268973	0.0913510014899401	0.0795392468558196
"Sample_N8"	14.4632840004615	-0.0381699635288722	-0.0544882956692566	-0.0521802433996599	0.955296498168366	-0.0308924004920939	0.0790804872939424	-0.0253209896376847	0.127952219949012	-0.0493823999148699	-0.0611462690013503	0.0855523207287066	-0.0563374737526693	0.0246327701581699	-0.0186678637051393	0.0729248810733058	0.189033331591036	0.0854712359314893	0.0808674545214093	0.0648375035265276
"Sample_N9"	2.47326239456097	-0.0432979233699262	-0.0317833228300508	-0.0189573067472856	1.01077864243049	-0.030224534966583	0.0878440939604988	-0.0261646963940007	0.12220261495584	-0.065809074203117	-0.0617923779842609	0.0921258178726657	-0.056045802548269	0.0370513440952503	0.0102861385077848	0.0847776030771473	0.1603289730895	0.0872442894062989	0.100840868350664	0.0973520072290565
"Sample_Pan01"	11.1514851204377	-0.048651594337873	-0.0549826749499616	-0.0455204992586887	1.0033015299709	-0.0472393866087831	0.0738887311201895	-0.0417599313040782	0.144036598782151	-0.0674833904097602	-0.0737538265385666	0.0835323583178726	-0.0620077064666209	0.027447360106405	0.00730807013011997	0.065258402900166	0.159310519395918	0.0762186244443796	0.0776131914864126	0.0624221205759216
"Sample_Pan02"	7.07800015274494	-0.0515472588272809	0.00329269740822412	0.0437457247716996	0.934375346304748	-0.0346414885929483	0.1239613726045	-0.0343408201285514	0.123752364554974	-0.0622498364522758	-0.0600639474981801	0.134153307355598	-0.0535637917076955	0.064194897631882	-0.0104991265852094	0.11121954860859	0.132699833968629	0.110947690724429	0.103353542854213	0.095624178872088
"Sample_Pan03"	8.37218456328205	-0.0443687321986112	-0.0535294769665683	-0.058001494369191	1.05788114312489	-0.0344234313135724	0.0625031363252609	-0.0286299074500595	0.154189080104762	-0.0701585884537994	-0.071581738391565	0.0670943692082981	-0.0601635917306867	0.0278896926803798	0.00232644113614321	0.0776893357287477	0.176843480513095	0.0726255629814377	0.0733820791332192	0.0772295226174976
"Sample_Pan04"	7.44024824838125	-0.047879485173962	-0.0339619416533257	-0.0380572290700915	0.855444250527488	-0.0362386024387705	0.0877627554900748	-0.040705402472063	0.103198547769005	-0.0431355900427202	-0.0637311832102437	0.0899992422818702	-0.0613478206262349	0.0423528495208234	-0.00742123802662509	0.0845714139422527	0.151651044281547	0.0856033494663849	0.0924707284605708	0.0850882032119509
"Sample_Pan05"	8.68500330717885	-0.0340351146512501	-0.0241697444588604	-0.0329971190664735	0.781596782797381	-0.0478408516765334	0.0769222417951317	-0.0246151023903294	0.145846551718724	-0.0184126293371175	-0.0542606205952115	0.0733058160073643	-0.0586168898360532	0.0198796709264682	-0.0080442191189532	0.0797001571216095	0.138508439764978	0.0765350992519034	0.0706720577386961	0.0685606167725342
"Sample_Pan06"	8.52826941599122	-0.0580013763662254	-0.0681828247089726	-0.0631912360282455	0.976520543197304	-0.040632259947114	0.119425298105796	0.0165756579680317	0.118026668029646	-0.0759394789700664	-0.0751503191467737	0.105882419834246	-0.0605358012594448	0.0764365494844306	0.00650816428591194	0.12851905974616	0.168576546798548	0.128752164060618	0.128276237013162	0.125960926021792
"Sample_PC1"	2.5529598443978	-0.0460683371617923	-0.0613953252632548	-0.0636871617454669	0.850473794066553	-0.0327438465184912	0.06142353648901	-0.0339948022544289	0.110642806568847	-0.0646919286578578	-0.0664728985665833	0.068934483951057	-0.060935501018952	0.0196643112700195	-0.000635616580439893	0.068767822136442	0.123559013247744	0.0644403895688723	0.0633472174063204	0.0696001612712506
"Sample_PC10"	20.6640200184883	-0.0456252346231008	-0.051869243042671	-0.0575726966918777	0.81962090016895	-0.0425041721766523	0.0810803589848817	-0.0411064058447319	0.119690641875926	-0.0677319484051753	-0.0667932725826832	0.0818511677742606	-0.0614112815631938	0.0451841737979921	-0.00257658274832558	0.0865610210434812	0.100874846737767	0.0869003377384042	0.0869313193754848	0.0839131388477927
"Sample_PC11"	18.9803873909414	-0.0520720840785982	-0.0670537080696933	-0.0700165600794076	1.05962907995411	-0.0430420350644953	0.0508691710964853	-0.0492415979909998	0.119346203108602	-0.0722235235949374	-0.0706935863582635	0.0502593904416144	-0.0649834926825429	0.00889804824522698	0.0123719110843159	0.0517372175384827	0.133212925304433	0.0583251488364901	0.0518593261523319	0.0444876012171536
"Sample_PC12"	2.69556097358109	-0.0485915725867909	-0.0563126799869501	-0.0570851810730049	1.20591711670151	-0.0272744818724035	0.0494495676500086	-0.0322922729002044	0.107454058622837	-0.0580891081644646	-0.0649680177609176	0.0486158277051764	-0.0603332573134656	0.0111396714576389	0.000872741968415032	0.0487562757869286	0.140570917863365	0.046380438975261	0.0460305444758483	0.0521940868855547
"Sample_PC13"	2.5873352107237	-0.0506590818933942	-0.0602508302147054	-0.0639034914181254	0.718185354801706	-0.0410677632030858	0.0570056382209117	-0.0344817420275982	0.10645184897247	-0.0641759608801249	-0.0664542540770808	0.0580003882814173	-0.0589892528399913	0.0179741244275686	-0.00312599876323647	0.0548477517157995	0.141705458470005	0.0567000806620242	0.0550578633019163	0.0568512474714457
"Sample_PC14"	23.1094718133761	-0.0523181546638829	-0.0661657692304229	-0.066158713961083	0.83237947568379	-0.0430484761871912	0.0506671277718486	-0.0312236356823754	0.0980132391268225	-0.0663978864502952	-0.0685040271258901	0.0529114591434327	-0.0629514651949431	0.015858213807474	0.00873409101137457	0.0507061196074333	0.127798659233545	0.0577223518417758	0.0610918326495255	0.0619137508606331
"Sample_PC15"	19.4796695347663	-0.0496438653290788	-0.0600518863233863	-0.0606525217108289	0.627351833261906	-0.0434639071921341	0.0604970876397581	-0.0467319446846436	0.0932865801471066	-0.0689941516786892	-0.06744619268988	0.0714732544420626	-0.0615590656279969	0.0277417537602564	-0.022835176346961	0.0602116320910749	0.140719584427544	0.0751410467441979	0.0732497168131272	0.0623236672186818
"Sample_PC16"	16.7500444292039	-0.0517845634950275	-0.0572846295310809	-0.0555582461051403	0.915764835758704	-0.0332470526608118	0.0464881332474492	-0.0393152060615536	0.101697369565891	-0.070228304316913	-0.0674116376487216	0.047435720821424	-0.0592379043879182	0.00396454024790614	-0.00821653895638757	0.0530960001051792	0.155554046002612	0.0493607000032622	0.0550197189817206	0.0463228570856906
"Sample_PC17"	19.1865191300047	-0.0481143301638209	-0.0620710821042312	-0.0625703954923089	1.01646264179769	-0.0341946405507891	0.056099379875274	-0.0416400283524754	0.10119862566817	-0.0695379572496902	-0.0682928583480831	0.0662073795446318	-0.0631975006489718	0.023227489884562	-0.0111791258713366	0.0616879059362784	0.141418272634634	0.0584593115496109	0.0585200931295541	0.0587526687367186
"Sample_PC18"	2.52451768791679	-0.050517528845775	-0.0540573302473387	-0.0569395862597884	0.685685025365756	-0.0593041532918259	0.0463994469393616	-0.0376928804070971	0.10882578854627	-0.075862279313553	-0.0730433722970671	0.05372393751442	-0.0698266540492905	0.0217932435672799	0.00983113479336842	0.0470029973432633	0.118448605827456	0.0486474368774608	0.0535351752783128	0.0449868776911037
"Sample_PC19"	1.74911322212858	-0.0545688870747416	-0.0603551217894719	-0.0619508573787352	0.971364868667479	-0.0447154096465849	0.0652081088041402	-0.0146815783302326	0.106124825962618	-0.0727620197107554	-0.0704062397005305	0.063113690021305	-0.0604596152150953	0.0314127768396286	0.0026052850712962	0.0611571076330162	0.146154341775789	0.0606837340227385	0.0630626713590016	0.0574827067150766
"Sample_PC2"	19.2305071657367	-0.0505484561323152	-0.0672002582007657	-0.0677570083488584	0.927147942518696	-0.0389596646019854	0.0268586893924628	-0.0354975138813621	0.111650103788957	-0.0650314107770581	-0.067067352036565	0.0289020930848596	-0.062014904680047	-0.00935398253807069	0.00469273041803617	0.0271940528304239	0.114368014131463	0.0319777803247603	0.0283485450316214	0.0281542677700924
"Sample_PC20"	2.47446087887624	-0.0428292746800679	-0.0614626884763676	-0.0628901420144416	0.826190692221584	-0.0449207958497141	0.078792101582864	-0.037025249052553	0.113792066603983	-0.0686787874624527	-0.0620257057487987	0.0797786607557018	-0.063899878979426	0.0302034183087012	-0.0205623355835781	0.0793563730425345	0.130831114829949	0.0799532948706969	0.0735447032353715	0.0643783218714487
"Sample_PC21"	0.885631344478123	-0.0496152923278425	-0.0431457277512692	-0.0455569569350388	0.715931249542793	-0.046642920898632	0.049512470407407	-0.0210260204445716	0.159090686434544	-0.0633986897874882	-0.063050600751889	0.0509396419011664	-0.0553208646479224	0.0113615931704611	-0.0141780388612361	0.0504833813152664	0.149151364046485	0.0507496795659568	0.0459094386093626	0.041700246712134
"Sample_PC22"	9.42262254685383	-0.0536689369843209	-0.0691386477430776	-0.0707165436436871	0.856489358702795	-0.0342365846375941	0.0619514761679974	-0.0273986121710649	0.115603303639834	-0.0630603268157033	-0.0671548314131026	0.059861513366684	-0.0565107472313945	0.0211679301944436	-0.0117373532463115	0.058027480178828	0.139298843898572	0.0601245441736341	0.0586226879231715	0.0552741676622491
"Sample_PC23"	12.3469127950606	-0.0517284364147874	-0.066653335044686	-0.067851332277891	0.672454132939566	-0.0573492890075415	0.0498337627666373	-0.0435243132740325	0.173853370799289	-0.0545702144412971	-0.0725663209918856	0.0444229835062642	-0.0447472071693002	0.00511571296052685	-0.00985462126256038	0.0438584844088815	0.134854333246674	0.0452377355946528	0.0465628150870335	0.0453248244022185
"Sample_PC24"	5.53888144892539	-0.0532295917529882	-0.00898165324304768	0.0033050010472161	0.561205956243218	-0.049654685228031	0.103154452250564	-0.0474390915266177	0.0871466517808681	-0.0685934196922371	-0.0635905032370484	0.103885130047061	-0.0636943023004482	0.0598072104568369	-0.0113222539089303	0.103929478746658	0.134085004220872	0.100825093259625	0.0941251873143122	0.0965342944980869
"Sample_PC25"	9.41434339260802	-0.0515727824620135	-0.0702937462066839	-0.0722228742234176	0.753791091481022	-0.0470888977804354	0.0451413257882435	-0.0446494353280805	0.19286226810353	-0.0501196339295416	-0.0721580163679691	0.0523937124102887	-0.0509366378653579	0.00809505161259752	-0.00280551825701064	0.0498319148112842	0.164295145570176	0.0580359086704306	0.0451292547625174	0.0475374949521095
"Sample_PC26"	7.83045876437335	-0.0519596277070902	-0.0628442688495552	-0.0601188366251251	0.897162906836995	-0.0486947983186704	0.0379504788876285	-0.031402236944426	0.139119180666084	-0.0660717851500702	-0.0708142955199794	0.0457910959685359	-0.0604539505654385	0.0103241523723644	0.00735569254316446	0.038748880311437	0.179647101234297	0.0324338835111866	0.0418635500613314	0.0403079101740749
"Sample_PC27"	12.6464664932144	-0.0501379984564885	-0.0658660509760788	-0.0641454962822875	0.71232440701714	-0.0545018880515124	0.0701059951356913	-0.0332763148503496	0.136755018899132	-0.0743249110901639	-0.072938916525673	0.072902216464728	-0.067674748195248	0.0222931383091136	0.00556479262138094	0.0671797954645909	0.135031590429025	0.0590000137854742	0.0710299549522258	0.0601313238588021
"Sample_PC28"	10.3432942437171	-0.0551275793241386	-0.0660600342032057	-0.0670018634525292	0.864305592512785	-0.0343351904330361	0.0563718951297563	-0.0341249813790873	0.096125667151701	-0.0696540570803357	-0.0693473153163165	0.0552209945616207	-0.0630466650300193	0.018266131041758	-0.00466509749512481	0.0571596594429754	0.13440737208576	0.0511094419388126	0.0543301087686025	0.0566718425568746
"Sample_PC29"	10.6251049515011	-0.0527878324711376	-0.0635717438180583	-0.066383209810984	0.809439100052085	-0.044827228290309	0.0704700916718633	-0.0426469462996724	0.116042260480609	-0.0722475851381713	-0.0708881269379022	0.0621885241751797	-0.0573298419687881	0.0166801308204763	-0.000977523605191564	0.0663067928306788	0.166986745104945	0.0656889672018219	0.0627326542429508	0.0557463774532168
"Sample_PC3"	18.6135052147563	-0.0513083046029958	-0.0619953997003761	-0.0632686900862981	0.880470837895983	-0.0459552196554898	0.0417941951397112	-0.0344695341209587	0.260142436552899	0.0179465608730754	-0.0697146733087269	0.0505115251768914	-0.0462197102823298	0.00477030128856995	-0.00509542064296076	0.0438055122007067	0.18384482656159	0.0436825881265282	0.0436684630997289	0.0320813888072497
"Sample_PC30"	9.12350851768905	-0.0507495376853372	-0.0580528026220842	-0.0557043821819958	0.881799138958809	-0.0375197513942945	0.0733451316104848	-0.0497806991622187	0.10074785111958	-0.0702698894868935	-0.0698555188748076	0.0704256292314152	-0.0650606966382958	0.0279181835425333	0.00329665937956713	0.0706072818716891	0.134840603658398	0.0743447495198063	0.0741673845853089	0.070948223136555
"Sample_PC31"	1.53987503868567	-0.0470303620223066	-0.0627431310554343	-0.0680932169915391	0.784963613537426	-0.0485568922142792	0.0549418035225243	-0.0501474532476687	0.103958295584676	-0.0725654675595756	-0.0712513451484595	0.051929232230723	-0.0650338283545496	0.0137464269711137	-0.0118885221953557	0.0585209644022988	0.130455310226793	0.0535713441061239	0.0594242278516742	0.0557360090596637
"Sample_PC32"	13.5179822258737	-0.0492838929077661	-0.0675730350882886	-0.0717542023722711	0.713822750616802	-0.0503790957108308	0.0418590123087341	-0.053450678549199	0.106734493590535	-0.0753874663300302	-0.0727051920868346	0.0501989433653901	-0.0694835903542096	0.00158578617666302	-0.0112014641347276	0.048079258189946	0.118128650162717	0.0413782091906682	0.0424166562950199	0.0456910045275537
"Sample_PC33"	10.6953166732241	-0.0481235930886845	-0.00380271853734663	0.000644808898479651	0.819597456028541	-0.0520877016742509	0.0382264582213817	-0.029049260456869	0.131891111814578	-0.076376251933551	-0.0706107903970564	0.0389761418681145	-0.0677785629841089	0.00530302191044441	-0.00988168323257056	0.0337508725132817	0.120387907295495	0.0478854155947801	0.040018496772076	0.0285886846794699
"Sample_PC34"	15.3412291268417	-0.0483593256947867	-0.0712396066912981	-0.0704959620482513	0.843188474965027	-0.0481960969695883	0.0381190291506643	-0.0288641919738518	0.131376383281985	-0.0611746348125029	-0.0684985092171745	0.038253935130441	-0.0629521050290172	0.00664423608314785	-0.0118059651574846	0.0385938677524208	0.136460867972889	0.0401074259911536	0.0410955517062111	0.0330988604714487
"Sample_PC35"	15.6528454162427	-0.0415715767516879	-0.0686407462984902	-0.0689966240573814	0.878378764395281	-0.0447759705135911	0.0870177864646818	-0.0472431719944454	0.117542921803017	-0.0753294400485759	-0.0733245930149382	0.0972694268748487	-0.0655597349476714	0.0328785855107604	-0.0157851539187076	0.0803067424006672	0.131809612699297	0.0838874921092376	0.10182901093513	0.0788457454167598
"Sample_PC36"	2.03029598620315	-0.0561053174227948	-0.0588723215508615	-0.0646820610233133	0.885676823600163	-0.0515332782231282	0.124558770233191	-0.0565419688201487	0.130724322119515	-0.0743058753790335	-0.0711399953895022	0.125694243195755	-0.0651958373029985	0.0778983666933514	0.00891337593103242	0.124254474681895	0.187138448317887	0.119450576139887	0.122308870380182	0.104090755417968
"Sample_PC4"	11.0182866925164	-0.0441359159045967	-0.0515145759355788	-0.0579920167247253	0.530503442598852	-0.047336481742546	0.0889393491179004	-0.0474642097882364	0.0652343654659576	-0.0637854501787345	-0.0592464397602036	0.0901297339103965	-0.0601848401072102	0.0415556520076719	-0.021341240174194	0.0855382786765361	0.0911195072244139	0.0909153671417499	0.0848422121670365	0.0851957156194188
"Sample_PC5"	14.5463589098431	-0.0459934320007861	-0.0267463190408982	-0.0182758444963332	0.668256984168004	-0.0382044053216008	0.130579947066305	-0.0520869966169779	0.0932995569798526	-0.0698767519477034	-0.0662601628423576	0.124839003285897	-0.0624265199660181	0.0664986900887587	-0.0212207416138172	0.12641142907063	0.181367976546636	0.132026657428114	0.133065644767109	0.114418380133478
"Sample_PC6"	2.2708941833231	-0.0485596374498905	-0.0642355157990709	-0.0640877128362814	0.788605441408804	-0.0473565309072999	0.0932412222702998	-0.0352808231973436	0.105929064116247	-0.0718261333863938	-0.067958020332984	0.0911078189798946	-0.0645945168626284	0.0266793805882022	-0.0117089412041455	0.0867571658313006	0.163099083947241	0.0785838901259865	0.0846313719047826	0.0661569621811251
"Sample_PC7"	14.6285719769897	-0.0469095928025302	-0.0302827792168213	-0.03347336068867	0.630321895643545	-0.041744981139326	0.0735340348289993	-0.0437132732914675	0.101814206532222	-0.0668098359999365	-0.0663998132307172	0.072495102630559	-0.0599937268638643	0.0155822412696028	-0.0207991348920051	0.0717540012530786	0.116883827845115	0.073678856610408	0.0741952071875002	0.0620407751752784
"Sample_PC8"	16.9801662006014	-0.0495384151189825	-0.0623037058720606	-0.0672936227369677	0.81262898350216	-0.0456975237515668	0.0760340669972697	-0.0451356137903874	0.111360657431268	-0.0735283129828459	-0.0717141960871492	0.068026679944875	-0.0660559457857189	0.0169805739942405	-0.00290439960248439	0.0735017636833366	0.112504893574617	0.0658984650019263	0.0745144133476063	0.0578460449210563
"Sample_PC9"	16.6004720281147	-0.0449678849236653	-0.0601749409370345	-0.0540831726835198	0.857669127209151	-0.0376787931967591	0.0476164214631771	-0.028040506685938	0.111543362373303	-0.0665978297868314	-0.0676445544448179	0.0520271043753513	-0.0571901269084307	0.00895427624803059	-0.0149702217653009	0.0480653525922217	0.137260393486054	0.0503090870001951	0.0506863968885415	0.0310106972803916
