"ENST00000623130.1"	"ENST00000383869.1"	"piR-hsa-23317"	"ENST00000516053.2"	"ENST00000626826.1"	"ENST00000362154.1"	"ENST00000536684.2"	"ENST00000384886.3"	"ENST00000384278.1"	"ENST00000385273.1"
"Sample_1S1"	-0.0378049863373474	0.136150546715475	2.38097449738479	-0.0406311714307407	-0.042649854609193	0.135346333721906	-0.029863399424631	-0.0250520194480481	0.13275325540722	0.825734902192654
"Sample_1S10"	-0.0544559465428189	0.0516469200452342	2.29102406349026	-0.0147419980170286	-0.0532867123240868	0.115587047479342	-0.0476735032602855	-0.0612017191077819	0.0552028576350599	1.42058954543465
"Sample_1S11"	-0.0621075676945866	0.0745674602447253	19.634309037267	-0.0291223452828806	-0.0604927277755527	0.123147138717844	-0.0474751175898734	-0.0344756320865366	0.0752939259884154	1.11443634642118
"Sample_1S12"	-0.0166758346695971	0.108782633238785	2.92517203331605	-0.0552094983374091	-0.0214793228185181	0.088317444314318	-0.0494349520887848	-0.0421165526479235	0.102900315550633	0.623077551252446
"Sample_1S13"	-0.0463941065282855	0.0831484103351069	1.09854482882123	-0.0358073536162287	-0.0513131951022935	0.14365322010875	-0.0454349868470598	-0.0434503980760414	0.0747792309413709	1.39047058955234
"Sample_1S14"	0.0111728320048416	0.156289195544828	13.8029693703343	-0.0483239497723758	-0.00503280552431179	0.165117599587142	-0.0397849310485171	0.00781575889479361	0.161929862807044	0.924848073535136
"Sample_1S15"	-0.0368190350470796	0.0956452590382248	13.1358572818818	-0.0168792978529605	-0.0388136356016826	0.115053142992697	-0.0336659869314467	-0.0495293700034308	0.10096188142909	1.07200568297636
"Sample_1S16"	-0.0592558795918424	0.082765668626929	10.4770296145744	-0.0426613593984942	-0.0627245222939068	0.20377640052635	-0.0466022652385125	0.153849772927338	0.0805248046494418	0.934600426789987
"Sample_1S17"	0.00370271609614097	0.131553147886663	10.4995610376358	-0.0347739646512902	-0.0206441234956084	0.126228409230437	-0.0382259178077755	-0.0248010961481619	0.12678885332296	0.826340556921868
"Sample_1S18"	0.0133197584524236	0.124007513909717	12.440903951553	-0.043071606592674	-0.00469406114688942	0.117926107349684	-0.0454918746232035	-0.0195752252348449	0.115720144561179	0.725832645145427
"Sample_1S19"	-0.0491509539186819	0.111905960578353	9.79864967974333	-0.0244677966662847	-0.0465738462816785	0.127117191073295	-0.0528693575265618	-0.0554246806137507	0.103957518534983	1.15131704983764
"Sample_1S2"	-0.0114284397473563	0.107754912724896	2.98130783731649	-0.0359498646983495	-0.027193043432077	0.166745092228545	-0.0154710415551281	-0.0319000274478388	0.100775832268756	1.07578572563642
"Sample_1S20"	-0.0250137556113215	0.0469569038228829	6.32283141299004	-0.0153947953433364	-0.0385371895800034	0.284366177069353	-0.0542728948148456	-0.0437565527640281	0.0430892939793057	1.66634568287487
"Sample_1S21"	-0.0576614103913878	0.114757671547157	1.67742749200932	-0.0391459581930303	-0.0585792743743047	0.142388696183053	-0.0203723194173228	-0.026272876945064	0.119565663404641	1.09864218720077
"Sample_1S22"	0.0241729153520727	0.0814737445119092	2.79167865437617	-0.0229891996331147	0.00398837096941034	0.133596702601324	-0.0473374997752115	-0.0302997520204687	0.0830435318622115	1.16865990135554
"Sample_1S23"	0.158662251420583	0.0731601318338291	13.6387249519861	-0.0440638976670965	0.0913643490908735	0.136504810762659	-0.0515053286363186	0.0213481601436794	0.095700838491691	0.670421912640683
"Sample_1S24"	-0.055418760227426	0.0526034039564043	14.7646109404021	-0.0415325128668716	-0.0604837671088577	0.131595368256465	-0.0308847151019254	-0.0375527746461858	0.0558470414867566	0.729611834861002
"Sample_1S25"	-0.0482070736778601	0.0851635101817869	12.6942750974884	-0.0354669505549937	-0.0511897581613249	0.149260284753171	-0.0243633635315764	-0.0317724686972291	0.0914557967204295	1.25510470035558
"Sample_1S3"	-0.0440430473887343	0.11088616311585	2.22478898456444	-0.037841191908338	-0.0499245015447591	0.126198943389361	-0.0502807904653863	-0.0580121801879427	0.116104412711972	0.876898949768226
"Sample_1S4"	-0.00895823818274074	0.124823263684952	2.532991982657	-0.0372894298831184	-0.0152671209059345	0.165366196193619	-0.0489567747452927	-0.0258573080057301	0.112028860828621	0.970375624668777
"Sample_1S5"	-0.0645862008111886	0.103418328012796	2.37998295881592	-0.0435583734447303	-0.0606541600642177	0.125135945752925	-0.0444302952370076	-0.0353190387265857	0.0962861425399128	0.796777989013512
"Sample_1S6"	-0.0531654423221412	0.114928492409157	2.44752924347412	-0.0342722749137794	-0.051868702808533	0.123010990674081	-0.0393586920360467	-0.0492845226920412	0.120838184737726	1.11815166560694
"Sample_1S7"	-0.0626896961939395	0.0947944495303439	2.14517956977471	-0.0343277289513821	-0.0631103688792547	0.13410656562839	-0.049185004552393	-0.04853852997501	0.0696249630360783	1.03571565257773
"Sample_1S8"	-0.0303393572726461	0.133979991121685	3.22398706755015	-0.0369562226593423	-0.0319989111738935	0.131098407601845	-0.0365604789579814	-0.0448530389845142	0.134709305065008	0.792617986190499
"Sample_1S9"	-0.0584587983315598	0.0940958646822626	2.46751046433814	-0.0388808149885955	-0.0560911729934837	0.126032377920068	-0.0470839599318845	-0.0446853731331423	0.102362555703833	0.805681476946926
"Sample_2S1"	-0.0374301133006222	0.102629950186787	2.07552410666776	-0.0443696537175843	-0.0410422394612563	0.136414190535781	-0.0265417350563401	-0.0174208389972886	0.102995095069705	1.0172891582617
"Sample_2S10"	-0.0489655141510282	0.0837389463377663	3.00757282964097	-0.0501100699819846	-0.0553356478529647	0.133455665503935	-0.0437950685995425	-0.012522790790581	0.063942780849566	0.762664853543246
"Sample_2S11"	-0.0411923525981654	0.0694002512964662	17.4249826470072	-0.0333191832090992	-0.0470576332746191	0.127048580848674	-0.0425294725831455	-0.0334947606597813	0.0603736519385722	1.01301603468617
"Sample_2S12"	-0.0394620736511033	0.0851146613704998	16.5261447125699	-0.0407533976356474	-0.0405472138397292	0.10694071665429	-0.0406228701875682	-0.0535102377577946	0.0890190938478674	0.687533720311704
"Sample_2S13"	-0.0434601968836302	0.12574787825238	1.41020288695466	-0.0345498245358593	-0.049957631931557	0.154069739381057	-0.0370113871129532	-0.0373271464774037	0.112345676908669	1.11465414478632
"Sample_2S14"	0.0265493028538108	0.0619254177604197	9.71438025065952	-0.0431930350931731	0.00266600339533756	0.13848245287448	-0.0489863503107067	-0.0198687134142693	0.0567660081335652	0.934403331470166
"Sample_2S15"	-0.00805903649340235	0.0977988000682461	1.24932489932163	-0.0442572052015144	-0.0155015273792966	0.150262811182072	-0.0473774423002326	-0.0327200289126699	0.103325737909727	0.95227106754477
"Sample_2S16"	0.0073165910432845	0.0698649060398702	10.3778779858323	-0.0430107994828817	0.00080530974862463	0.167150126322546	-0.0304111449140108	0.00170656980974179	0.0711006000079872	0.831599737705953
"Sample_2S17"	-0.0564193005355903	0.0180997763245169	7.8529992394643	0.00408711688435688	-0.0610026753276142	0.276657167242232	-0.0545778065311189	-0.0572337558850623	0.0211055861889151	1.81406752549136
"Sample_2S18"	-0.0606696725386661	0.0696988920296589	1.71992354559991	-0.0414230316201547	-0.0641407896950799	0.163010315114827	-0.0431587975537373	0.0142057595970451	0.0769853002493804	0.85547226013753
"Sample_2S19"	0.254537414622709	0.0724872628890168	9.01644982100607	-0.055684393483419	0.192601374982647	0.168101013732733	-0.0420424747881284	0.127988406237914	0.073786267343455	0.704326635196013
"Sample_2S2"	-0.0538409498976679	0.0851355899931305	3.11375093554874	-0.0319285622616432	-0.0588778797221355	0.157622477261317	-0.0394564875079982	0.0221094818703135	0.0788356278513451	0.956025038332618
"Sample_2S20"	-0.058208005681702	0.0847206059312859	13.4001448504933	-0.0485288542534287	-0.0636229012920837	0.131902939288835	-0.0376850009431266	-0.036863786726827	0.0887603704748516	0.848446100889959
"Sample_2S21"	-0.0346963500574569	0.0859746444487776	1.41443828152667	-0.0321335041622221	-0.0436121512711347	0.131308051520409	-0.0357521986920727	-0.0314841368299215	0.0828210259508133	0.878260206016025
"Sample_2S22"	-0.0588213287209211	0.0773585148749803	2.88118913286806	-0.0439798930771284	-0.0590526948522516	0.124028462196269	-0.0469749303880341	-0.021233621846371	0.0744636685438811	0.869955349248073
"Sample_2S23"	0.0131168568106696	0.0611455970888512	2.71724312154709	-0.0482464666743849	-0.00318733334656897	0.0929004827739647	-0.0512398916643747	-0.0504056813668223	0.0608462769469928	0.670293216741582
"Sample_2S24"	-0.0662239739587708	0.0593885237039775	17.2389406415637	-0.0327677718759388	-0.0680365598812101	0.153719733773991	-0.0544639147100217	0.0364543677128532	0.0462925855338391	1.02017806025571
"Sample_2S25"	0.00311248497569731	0.143096573452707	2.03231784107598	-0.0511002235747174	-0.00829164789100367	0.116799289459377	-0.0468374975879282	-0.0445555935303928	0.13830685466402	0.794941366907903
"Sample_2S3"	-0.0380759382081663	0.0974831990575712	3.33806785379167	-0.0392517855114554	-0.0391798417924001	0.133791184338445	-0.0481165387347125	-0.0207877521738106	0.0933286129215579	1.11731954791891
"Sample_2S4"	0.0358530357239869	0.138460839286704	2.30014721000407	-0.049205335584777	0.0275294289842994	0.155701361485991	-0.0215940635015106	-0.0380934088117954	0.14821485630416	0.828824740745957
"Sample_2S5"	-0.00377031460027031	0.0818743833415935	3.09715262761166	-0.0479591560909901	-0.0165024195979631	0.126457468092871	-0.0504752727297254	-0.0200410350906712	0.0861083041271778	0.81075231548425
"Sample_2S6"	-0.0601136435065816	0.0827056718495855	3.14809026251151	-0.0259913152402314	-0.0641665831224865	0.117243371650235	-0.0406040905997607	-0.0400197950405928	0.0896081502586846	1.14312928141926
"Sample_2S7"	0.0773652654512436	0.101898349788423	2.82426628991274	-0.0355132596371946	0.0360693190690334	0.126112101929751	-0.0404925654608106	-0.0285092145031693	0.113006770599639	0.936948544892615
"Sample_2S8"	0.0266420847982919	0.0669370399523673	2.40613826384166	-0.0119999879889434	0.0095934737457015	0.118533735453674	-0.0441005055331811	-0.00413831227081212	0.0651918648726322	1.62664668418884
"Sample_2S9"	0.0353738808526608	0.0617521926338078	2.03327280774936	-0.0394911581107305	0.00654428712158409	0.219952425463184	-0.0409209076169955	0.056468495278923	0.0653633590249547	0.947183774988342
"Sample_3S1"	0.0554672251361669	0.0614796556757674	1.9303500909428	-0.0396488980824894	0.0340099358683217	0.176125389257222	-0.0453508078474732	0.0359670589815372	0.0660848252233477	0.783524542032902
"Sample_3S10"	0.0723493078424642	0.0566637351348539	1.76063951640583	-0.0451416026614522	0.0376534932570542	0.241386371327398	-0.0394975754664857	0.076753694540293	0.0544350145132334	0.961713346411317
"Sample_3S11"	0.0276311790913538	0.152748847120532	18.7973045928644	-0.0489091935658955	0.000811843874173827	0.138057114664019	-0.0488354463722857	-0.00241585628706754	0.153800059216701	0.937773746344153
"Sample_3S12"	0.372460687881573	0.0933216482398495	6.41824119318827	-0.0428270206848245	0.283528740961745	0.203641933289786	-0.0379991348268387	0.0933651264480511	0.0993211943088936	0.704897021664085
"Sample_3S13"	-0.0619060390177314	0.0750539939661241	7.08336171229621	-0.0449266754982656	-0.0631780648499713	0.256258926111328	-0.0479516773000382	0.0877919273756138	0.0797954215483424	0.900729338534995
"Sample_3S14"	-0.0336985284844489	0.0978134657744356	10.0423646545199	-0.0403179721856767	-0.0378699943639149	0.122420859095662	-0.0394207811646459	-0.0230971156515674	0.0921801368602954	0.770303568743444
"Sample_3S15"	-0.0435917070376968	0.0923639550475464	12.5704684009948	-0.050292682605883	-0.039791106057536	0.0888851839803287	-0.0295545904966807	-0.0509109593157394	0.0895088967900584	0.673121671705236
"Sample_3S16"	-0.0653470914066825	0.0761284666162758	1.16569369500545	-0.0287126360885283	-0.0610346651494602	0.109630686364244	-0.0478781673834746	-0.0426299640085452	0.0736230151425097	0.917843088207445
"Sample_3S17"	-0.0227832703055187	0.0485857339628569	14.9341285024976	-0.0562914120585071	-0.0284434078688945	0.150818462113175	-0.0411135783644353	0.0369250234745297	0.0580637841793108	0.738837390950768
"Sample_3S18"	-0.0473247101987117	0.0867835221578408	1.43377714743697	-0.0495847073717318	-0.052476332696907	0.147429745062533	-0.0394010999014961	-0.0187888495757947	0.0912117021447856	0.681532934512149
"Sample_3S19"	-0.04190808655002	0.0584206508613643	0.973667441458411	-0.0549852826262019	-0.0502954928088122	0.121009806342783	-0.0448722148044843	-0.0325707819661035	0.0637203887716194	0.636994204695044
"Sample_3S2"	-0.0657305831295693	0.0986329944710341	3.3861805645666	-0.0298848525857096	-0.0627259616294161	0.141446945606545	-0.0427290977387538	-0.0389205854899957	0.0963592355211732	1.04343482953499
"Sample_3S20"	-0.030334724642272	0.0882261936528535	10.0423348424291	-0.0375565055033903	-0.0343075925963736	0.146586937534404	-0.039549158550061	-0.0319873369626917	0.0988357116906845	0.950152085814226
"Sample_3S21"	-0.0635048893850879	0.0933387010721834	12.8247305342471	-0.0452935765581617	-0.06012159949152	0.110472121806095	-0.0453290800646821	0.0134683088523846	0.0871260705241202	0.825902337557291
"Sample_3S22"	-0.0506491392867135	0.0648640601649636	2.79466893894676	-0.0337883125773625	-0.0552065868052589	0.140215254746888	-0.0410597827471967	-0.0279230798974326	0.0649630295623855	0.969654261536352
"Sample_3S23"	-0.054907879935879	0.0697678037420446	3.56172149068162	-0.0401000397989814	-0.0585165028504325	0.154228511374137	-0.0462764550895753	0.0271509738521748	0.0691627138009002	0.944300885246108
"Sample_3S24"	-0.0565317279340202	0.117602464240191	14.8803138664303	-0.0320377804994553	-0.0543868232757418	0.098954031162485	-0.0404015843356073	-0.0545896459526555	0.109638792935465	0.798064180795522
"Sample_3S25"	-0.0536556043972338	0.0490696467243577	9.39320585372805	-0.0419732675480708	-0.0554056159865842	0.130060668122275	-0.0504821007150923	-0.0305914002040898	0.0489242198887256	0.993253829411853
"Sample_3S3"	0.127786125703099	0.100085331468321	2.83646470181729	-0.0480883277044007	0.0986224472411496	0.13082508234613	-0.0340426806740238	-0.0180200276863629	0.100965819922371	0.809907152372065
"Sample_3S4"	0.0341989505044255	0.0529796506725693	1.84871949810609	-0.0236942788679631	0.00662555617533869	0.33883759331987	-0.0411453232390224	0.430585092351786	0.0492035230499795	1.11686206972902
"Sample_3S5"	-0.0357800119207493	0.0780779170703977	2.60158378341969	-0.0374472128601728	-0.0360163765501873	0.122862997023589	-0.047795353987586	-0.0240787058301007	0.0797361312989899	0.891304830894878
"Sample_3S6"	-0.0592908516491182	0.103441909467394	2.82872275492449	-0.0380650599098573	-0.0554619624738722	0.122223614725059	-0.0430429625643142	-0.0372311337639633	0.0937618269557052	0.995443099617021
"Sample_3S7"	-0.0587493053306997	0.109936623303359	2.86543672826908	-0.0342582294877215	-0.059493100563082	0.12278555361015	-0.0404674020858529	-0.0579249989606131	0.103087748141164	0.905787427104337
"Sample_3S8"	0.179152911075191	0.0772755166196852	2.55997685858852	-0.0472650607872621	0.176427065211519	0.104829331744483	-0.0257125071385141	0.00786026051265831	0.08421275715595	0.625473836554697
"Sample_3S9"	-0.0586729679582712	0.0892114927133939	3.17592887216773	-0.0495617922716468	-0.0606385154461788	0.146028877822839	-0.0446790373373186	-0.0218929015530342	0.0827314021114896	0.959426936568802
"Sample_4S1"	-0.0607495257675154	0.0845792978682369	2.5956556624905	-0.0488932491358421	-0.0557598400090512	0.164799651991534	-0.0447094137876716	0.0230300734742891	0.0837300498801074	0.8928123289356
"Sample_4S10"	0.00745647299159717	0.129272675393434	2.08413145426002	-0.0462135048800048	-0.0102483959559685	0.114430083795338	-0.051544340706337	-0.0301999778676037	0.124983156454	0.76110889380808
"Sample_4S11"	-0.0626376293072161	0.0527514232774361	14.5986651160226	-0.033591438500232	-0.06355392598287	0.128404832178706	-0.0433160030446718	-0.0418679816862045	0.0542831302036993	0.968094622339409
"Sample_4S12"	0.0836685661695477	0.0679839926620481	11.60593530547	-0.0415586034975703	0.0501031309128567	0.134010165019801	-0.0473562716291556	-0.0271068598103872	0.0697355613815331	0.743031438720237
"Sample_4S13"	-0.0424929053459284	0.101417497068335	11.4363283360025	-0.0307906551995131	-0.0501061993713416	0.123788764886104	-0.0356045920221254	-0.0475028133507546	0.102395862507272	1.02791604714556
"Sample_4S14"	-0.0385017499249875	0.101251242986068	1.52836497914195	-0.0427243407511696	-0.0445730517411359	0.114863191927038	-0.0467958050081417	-0.0483391454007535	0.105348104645155	0.915028013102198
"Sample_4S15"	-0.0263781475062965	0.0915662885913872	13.3789016679615	-0.0371103061125079	-0.0383414689848779	0.114204535495261	-0.0418497622051569	-0.0352940826535978	0.0858808126325126	0.831102678055141
"Sample_4S16"	0.0514415447720231	0.102561980326955	0.884318484232727	-0.0197538623320865	0.0360196415439568	0.135517855940094	-0.0451042029450389	-0.045724909949415	0.111364599581353	1.08558244698256
"Sample_4S17"	0.029649225107378	0.0800058797997539	11.4419296766566	-0.0461688147384159	0.00466998203208707	0.133568070845093	-0.046246264913689	-0.0578962384066105	0.0643341207035783	0.789529008123624
"Sample_4S18"	-0.0545740652719559	0.0924538248879074	8.72514052407381	-0.0387545056380802	-0.0479878601632398	0.125741556162723	-0.0405815775318268	-0.0386654129304185	0.082007076494795	0.697741796195183
"Sample_4S19"	-0.0172222826278774	0.0802944931346253	9.30953100535579	-0.0374733220771421	-0.0230066589963163	0.112542030304967	-0.046486612303442	-0.0205440762808034	0.0816069489483825	0.807150500925393
"Sample_4S2"	-0.0277366652252377	0.0906073958015139	2.43568619784886	-0.032131137028904	-0.0350641958906232	0.121669616216594	-0.0489151878754112	-0.0469600978045886	0.0940295049990464	1.32391001893347
"Sample_4S20"	-0.0593985401051398	0.103317524646783	12.9508545010204	-0.0388660720813541	-0.0639627465572838	0.123585503463094	-0.0454254805391038	-0.037531449109626	0.0919111062145091	0.926580569666124
"Sample_4S21"	-0.0331271641888484	0.0651476272168765	8.59290828430529	-0.0432729881463366	-0.0416682942507812	0.12490713117497	-0.0510206693520844	-0.0587495542561404	0.067908045928863	0.914960334237635
"Sample_4S22"	-0.0329424470517172	0.0736129897009078	14.5030448920308	-0.044776520925456	-0.0419101850845297	0.114287615282557	-0.0482080802191287	-0.0492764988877123	0.0675863326494957	0.76251308412163
"Sample_4S23"	0.123666431448536	0.0948484178345615	1.13229740872919	-0.0548986283954225	0.0671440801867704	0.195750204119242	-0.0378400888768797	-0.00768878833411891	0.0826740183995729	0.951931467292843
"Sample_4S24"	-0.0377708759849686	0.0895825424678642	2.19357985374109	-0.0456755456414487	-0.0327719113913225	0.187600867719013	-0.0319691728511508	-0.0556489333395073	0.0845815088838298	1.04227290580403
"Sample_4S25"	-0.0617489936852519	0.082959261220321	11.7984958579005	-0.0311286432943914	-0.0620449534195306	0.130881121841178	-0.0375900463375682	-0.0421569087781261	0.0823189386599194	1.01752900388816
"Sample_4S3"	0.0382683110710324	0.102572077377566	2.13238234577315	-0.0455860989190216	0.0260098149167127	0.138274008190328	-0.0412618428349264	0.0250228796394283	0.110791643423896	0.604968899602187
"Sample_4S4"	-0.0363001543052777	0.1996454923054	3.74112814818247	-0.0440757107746252	-0.0416303755362258	0.197383517536422	-0.000368186477209797	0.0211792038729575	0.181819355841222	0.944207788964297
"Sample_4S5"	0.0903831593024361	0.0859724891076509	2.37274369967505	-0.0160002614402978	0.0584689888097832	0.134857549427452	-0.0421556720100587	-0.0534355483571615	0.0794749193178363	1.55308876386757
"Sample_4S6"	0.102991800548762	0.0894053550607167	2.99754773069886	-0.0484466811045571	0.0858311491592754	0.161215694337027	-0.0284040345566118	-0.018183673224583	0.0885623741634206	0.829842972219636
"Sample_4S7"	-0.0586094820514735	0.0999615140456199	3.43032509492417	-0.0484463300992197	-0.0554967340767743	0.134124920064323	-0.0441636595560989	-0.0424166158810899	0.103132701657454	0.975176264069652
"Sample_4S9"	-0.00756891218677759	0.073671545450795	2.8219325374996	-0.0541114638376916	-0.0201527618366699	0.123511693726893	-0.0445382423333578	-0.031884440065264	0.0813622062085175	0.820141020695365
"Sample_N1"	0.0421226305899402	0.0680805699495593	14.3788564345051	-0.0239676231136085	0.0234480788005193	0.103283147452184	-0.0515068635206166	-0.0503319611469318	0.075868031205547	1.2561037784574
"Sample_N10"	-0.0410468986227138	0.0684359146311642	16.7688770828538	-0.0301371363397392	-0.0477957676152496	0.13605153264655	-0.0470819906157016	-0.0310943270844364	0.0703067961247329	0.961620406484644
"Sample_N11"	-0.0481602882781813	0.0930855117124964	17.150370963606	-0.0253410361420282	-0.0544287145635811	0.147572315522786	-0.0437442037608802	-0.0488115029775888	0.100954688464999	1.13816737060551
"Sample_N12"	-0.051614850599225	0.104709008003454	19.7749031192205	-0.0257998176254716	-0.0605496390022805	0.141076651935414	-0.0559569746072491	-0.0125216573783697	0.114904246349047	1.03426517617587
"Sample_N13"	0.00794882867359147	0.0581299276855926	8.94800024673806	-0.0204404527692113	-0.015441463647158	0.168259688979058	-0.0417349019684751	0.0191344670051194	0.0512448884470739	1.13861334212817
"Sample_N14"	-0.0559425556618231	0.0736329078354898	17.2520495462146	-0.0402350259577172	-0.0510228689582001	0.125507810697667	-0.0484999301178611	-0.0599321719124651	0.0828653746913581	1.06516240366643
"Sample_N15"	-0.0203914325808078	0.10363938434408	20.1866972184351	-0.0209550957159473	-0.0309128399090795	0.148084524398137	-0.0273302219619013	-0.0348244024921464	0.09696391199284	1.14449720906901
"Sample_N16"	-0.0469797063641196	0.099870478289076	2.96411595793322	-0.0396242871474654	-0.0523752505421122	0.167950446970498	-0.0378597699519008	0.0428090837384987	0.080940594340078	0.948008025560014
"Sample_N17"	-0.016637723817745	0.052106367448586	21.4307630244066	-0.0351601573929252	-0.0276032889481645	0.172936014832207	-0.0529956176756339	0.0212946596759274	0.0505105436160467	1.36175504831096
"Sample_N18"	-2.52714100051155e-05	0.0676914424248571	14.5755191916257	-0.0307083364340121	-0.0121297206168248	0.153408016782219	-0.0352591176930359	-0.0256736377754076	0.0738826226374129	0.903606040709286
"Sample_N19"	-0.00592218355289808	0.0692241808875812	16.4547065305475	-0.027523023795101	-0.0224772826674652	0.139412984685882	-0.0110242294637327	-0.0495510176450575	0.0805401843384199	1.13087007601132
"Sample_N2"	0.0111686995179205	0.102877103876863	14.9461679050396	-0.0311872170417042	-0.00468282926521273	0.12388987040444	-0.0539180420476273	-0.0402703747239467	0.0943630318100057	1.04216455421405
"Sample_N20"	-0.036340596704768	0.0698451786747612	2.77104586718458	-0.0379770439503224	-0.0283743127344225	0.104558220699559	-0.0509004636485947	-0.0195647823352525	0.0800807263935643	0.914209107044226
"Sample_N21"	-0.0406258941946518	0.0708134559159599	16.6024239345143	-0.03557520132476	-0.0403188234789219	0.109130704203649	-0.0553634930298203	-0.0263769029542157	0.062604399693752	0.927761635346583
"Sample_N22"	-0.0417279543556914	0.0617413158967889	16.1676820565983	-0.0363583808911624	-0.0491310952596215	0.13807202708439	-0.0326033602827167	-0.0320821517135518	0.0620748460890123	0.943681852258474
"Sample_N23"	-0.0646194984755962	0.0837840564040017	3.01475714332022	-0.0229071631599511	-0.0578800365994648	0.158720515196447	-0.0395409596429103	-0.012167391752114	0.0902981759318237	1.13787689692303
"Sample_N24"	-0.0624401749478895	0.0647515939336065	17.9689060294475	-0.0260114241377298	-0.061351394056496	0.125485781790846	-0.0521947552771038	-0.0394761713075118	0.0672473653384982	1.12627498942961
"Sample_N25"	-0.0364600965111003	0.110097813425128	11.7489203437704	-0.0352074840122721	-0.0430781824656128	0.145849505532446	-0.0490050864941541	-0.0485355386312426	0.113055739392727	1.05969837050111
"Sample_N26"	-0.0548134677348069	0.0708345428312518	10.0501650035403	-0.032035087010945	-0.046926662749299	0.121331374712978	-0.0385415781491339	-0.0397834931791552	0.0805401533063897	1.08053127747572
"Sample_N27"	0.119812767194452	0.0685176145128084	13.5291234627413	-0.0391445927387793	0.0923148547311153	0.118742118812598	-0.0511059072648123	-0.00216332460767366	0.079441962532483	1.06746784813942
"Sample_N28"	-0.0121239585959222	0.045542956866345	6.59915385800533	-0.0305540302110528	-0.0280376025648614	0.128528946051854	-0.0511995721146757	-0.0174149828334423	0.0551968078299345	1.14206201785793
"Sample_N29"	-0.0340408990119323	0.0767282912573019	9.80155004884657	-0.0284529209823572	-0.0383431378358523	0.127933432279749	-0.0437649795180882	-0.0367055043967311	0.0702043285961173	1.20101360900936
"Sample_N3"	-0.000143314226092846	0.114775599340979	20.5941532283552	-0.0214734590879849	-0.018286644534406	0.128581416430524	-0.0397318233986283	-0.0429318717915523	0.119117491248799	1.13455829060578
"Sample_N30"	-0.0339105923012091	0.0961560497938593	10.331986710771	-0.0361192843011232	-0.0352884004948471	0.136394030364148	-0.0512374868144619	-0.0368035952752695	0.0950445997057273	1.12522590245868
"Sample_N31"	-0.0461545733396976	0.0964356630572338	11.2847709816515	-0.026199561763086	-0.046975213551349	0.130453251407362	-0.0359406650335132	-0.0420473838274045	0.09960288954826	1.10481783435646
"Sample_N32"	0.0563236605615205	0.0820784776627521	0.97610173773251	-0.038642959087078	0.0278566557284847	0.136137267545114	-0.0528977371424607	-0.0281880972593147	0.0961976549162751	1.03664287985967
"Sample_N33"	-0.0319561610550577	0.0887973905706512	12.169145134014	-0.0400093567486296	-0.041522101556891	0.0916007906458839	-0.049894698201329	-0.0580575355860437	0.0861639721325705	1.01391234085073
"Sample_N34"	0.0599116431601387	0.148149978905399	16.4359306945508	-0.0469439710060445	0.0503181030091929	0.15386457798563	-0.019861579282678	-0.0446324647427697	0.150973992810567	0.952157125047325
"Sample_N35"	-0.0226938364920111	0.104075310113122	12.4430442328478	-0.0456785187529651	-0.0219184453149898	0.129851125522186	-0.0512212836271641	-0.0338156956494825	0.104607633716675	0.816820245539026
"Sample_N36"	-0.00621050518732773	0.0828950107839081	1.51535776270532	-0.0363145722576188	-0.0201430276896	0.153842749545871	-0.0437764086789514	0.0183049979331453	0.0914576978676533	1.06552704448674
"Sample_N37"	-0.00678611375091142	0.0734874196751882	0.704370247887508	-0.0253341091764454	-0.0257918563936262	0.093165775123898	-0.050527300851506	-0.0537700495829849	0.0771516172049684	1.16831073614501
"Sample_N38"	-0.0245189398974808	0.0836711137959592	9.70391060884218	-0.0356376356360637	-0.0298265056149438	0.133430874117126	-0.0532361112910828	-0.0388792988975335	0.0752485943884499	0.99482753484555
"Sample_N39"	-0.0260474270440251	0.0824666296480749	7.31516993792086	-0.0347936868480847	-0.0380256770092004	0.137047576612882	-0.0523377659760641	-0.0360998527829217	0.0833981573183509	1.02338132801206
"Sample_N4"	-0.0249870131204866	0.0859800462066571	18.0367228024771	-0.0368065362909847	-0.0346099114957461	0.135610949837445	-0.0422561082471887	-0.0394366862094742	0.0893514350234882	1.03573558872106
"Sample_N40"	0.0150320881409357	0.12449241094359	5.73809624109019	-0.0111391558340186	0.0124720423742693	0.11028611484354	-0.0527816985349639	-0.0297818679245235	0.127391510346134	0.968885528966961
"Sample_N41"	-0.0266538216360871	0.102323948279939	10.8150690825595	-0.0296829243406905	-0.0321238491357679	0.15107422712441	-0.0438858385515739	-0.0393369151607045	0.107266330203127	1.0499624899254
"Sample_N42"	-0.0237422195851427	0.0818711043212068	9.29263769537508	-0.0447257595477718	-0.0300406901557808	0.219142823265573	-0.0539102713232314	0.165986130416264	0.0829212479210469	0.814870687228605
"Sample_N43"	-0.0579416295600937	0.0732479664885991	15.9671167548626	-0.0368993936928311	-0.061959658714269	0.124795276069306	-0.0391655098509399	-0.0479646078182713	0.0752285578468337	1.03002750829348
"Sample_N44"	0.00504755100517314	0.103663673099775	2.28883195087189	-0.0311522603916476	-0.0122742072745733	0.120828776604831	-0.0266509391303739	-0.0479511472446491	0.118508752004205	0.802297573654203
"Sample_N45"	-0.0542591510432164	0.0918385329258839	15.7705590785091	-0.0276983524902989	-0.0571486067450688	0.137635099670774	-0.0504422787079637	-0.0365950309979689	0.0959135201002976	1.16331350758806
"Sample_N46"	-0.00619848229079689	0.0762708259709926	12.7925196845423	-0.0237568920897841	-0.00335433462106598	0.186347875273425	-0.0511438752285543	-0.0382929819541202	0.0716258687828374	1.06766655595048
"Sample_N47"	-0.0570364274671453	0.0769274489391466	16.4424138394704	-0.0309609797805353	-0.0596779945171672	0.113590952854118	-0.0437349767679153	-0.0292864961857242	0.0890774148913075	1.02227246752388
"Sample_N48"	-0.068208435187075	0.0606190800248018	2.00490661910135	-0.03633560073276	-0.0678479689432836	0.059036972286871	-0.051902531932513	-0.0553970756775815	0.0690488690047316	1.0744951139465
"Sample_N49"	-0.0553479107617629	0.135028598164759	4.33806387384309	-0.0329552423958603	-0.0570604511385737	0.147665235580205	-0.0302503488764069	-0.0111952155174563	0.126691871257344	1.30663983873083
"Sample_N5"	0.0186186893737975	0.104163132744146	19.0275845995642	-0.0359900048929364	0.00393351102988245	0.155928795164916	-0.0478594632545556	-0.0401518125784684	0.110206425897586	0.930882532637276
"Sample_N50"	-0.0570761382014909	0.114607206389029	2.54593990535933	-0.0311111003765352	-0.0582563543425362	0.150603701633125	-0.0386326313588499	-0.0380448936770864	0.114264722886698	1.17896920761729
"Sample_N6"	-0.0619563089251524	0.0931968012561298	21.5104483561229	-0.0108213908511029	-0.0670192620020543	0.177770218920167	-0.0415883583160791	-0.000477330257841906	0.08752443023613	1.40414135809084
"Sample_N7"	0.0320016985513249	0.089347589914336	18.5746361799793	-0.0525075014533527	0.00646171104292158	0.135829399008581	-0.0519904165596924	-0.0237602642441276	0.0883227828268973	0.799220499593393
"Sample_N8"	-0.0521802433996599	0.0729248810733058	14.4632840004615	-0.0308924004920939	-0.0544882956692566	0.127952219949012	-0.0381699635288722	-0.0479023020608766	0.0854712359314893	0.955296498168366
"Sample_N9"	-0.0189573067472856	0.0847776030771473	2.47326239456097	-0.030224534966583	-0.0317833228300508	0.12220261495584	-0.0432979233699262	-0.0485860289464112	0.0872442894062989	1.01077864243049
"Sample_Pan01"	-0.0455204992586887	0.065258402900166	11.1514851204377	-0.0472393866087831	-0.0549826749499616	0.144036598782151	-0.048651594337873	-0.0378890496193563	0.0762186244443796	1.0033015299709
"Sample_Pan02"	0.0437457247716996	0.11121954860859	7.07800015274494	-0.0346414885929483	0.00329269740822412	0.123752364554974	-0.0515472588272809	-0.0423361216643986	0.110947690724429	0.934375346304748
"Sample_Pan03"	-0.058001494369191	0.0776893357287477	8.37218456328205	-0.0344234313135724	-0.0535294769665683	0.154189080104762	-0.0443687321986112	-0.0190170346927936	0.0726255629814377	1.05788114312489
"Sample_Pan04"	-0.0380572290700915	0.0845714139422527	7.44024824838125	-0.0362386024387705	-0.0339619416533257	0.103198547769005	-0.047879485173962	-0.0387436603345141	0.0856033494663849	0.855444250527488
"Sample_Pan05"	-0.0329971190664735	0.0797001571216095	8.68500330717885	-0.0478408516765334	-0.0241697444588604	0.145846551718724	-0.0340351146512501	-0.0124894794506199	0.0765350992519034	0.781596782797381
"Sample_Pan06"	-0.0631912360282455	0.12851905974616	8.52826941599122	-0.040632259947114	-0.0681828247089726	0.118026668029646	-0.0580013763662254	-0.0454661265169293	0.128752164060618	0.976520543197304
"Sample_PC1"	-0.0636871617454669	0.068767822136442	2.5529598443978	-0.0327438465184912	-0.0613953252632548	0.110642806568847	-0.0460683371617923	-0.0507815830931848	0.0644403895688723	0.850473794066553
"Sample_PC10"	-0.0575726966918777	0.0865610210434812	20.6640200184883	-0.0425041721766523	-0.051869243042671	0.119690641875926	-0.0456252346231008	-0.0474023542314902	0.0869003377384042	0.81962090016895
"Sample_PC11"	-0.0700165600794076	0.0517372175384827	18.9803873909414	-0.0430420350644953	-0.0670537080696933	0.119346203108602	-0.0520720840785982	-0.0472417351707449	0.0583251488364901	1.05962907995411
"Sample_PC12"	-0.0570851810730049	0.0487562757869286	2.69556097358109	-0.0272744818724035	-0.0563126799869501	0.107454058622837	-0.0485915725867909	-0.0582201986093275	0.046380438975261	1.20591711670151
"Sample_PC13"	-0.0639034914181254	0.0548477517157995	2.5873352107237	-0.0410677632030858	-0.0602508302147054	0.10645184897247	-0.0506590818933942	-0.040528048633788	0.0567000806620242	0.718185354801706
"Sample_PC14"	-0.066158713961083	0.0507061196074333	23.1094718133761	-0.0430484761871912	-0.0661657692304229	0.0980132391268225	-0.0523181546638829	-0.0575244572581424	0.0577223518417758	0.83237947568379
"Sample_PC15"	-0.0606525217108289	0.0602116320910749	19.4796695347663	-0.0434639071921341	-0.0600518863233863	0.0932865801471066	-0.0496438653290788	-0.0589006466618175	0.0751410467441979	0.627351833261906
"Sample_PC16"	-0.0555582461051403	0.0530960001051792	16.7500444292039	-0.0332470526608118	-0.0572846295310809	0.101697369565891	-0.0517845634950275	-0.0528954483976858	0.0493607000032622	0.915764835758704
"Sample_PC17"	-0.0625703954923089	0.0616879059362784	19.1865191300047	-0.0341946405507891	-0.0620710821042312	0.10119862566817	-0.0481143301638209	-0.057982766578959	0.0584593115496109	1.01646264179769
"Sample_PC18"	-0.0569395862597884	0.0470029973432633	2.52451768791679	-0.0593041532918259	-0.0540573302473387	0.10882578854627	-0.050517528845775	-0.0642613198720826	0.0486474368774608	0.685685025365756
"Sample_PC19"	-0.0619508573787352	0.0611571076330162	1.74911322212858	-0.0447154096465849	-0.0603551217894719	0.106124825962618	-0.0545688870747416	-0.056393144083068	0.0606837340227385	0.971364868667479
"Sample_PC2"	-0.0677570083488584	0.0271940528304239	19.2305071657367	-0.0389596646019854	-0.0672002582007657	0.111650103788957	-0.0505484561323152	-0.0413630604858237	0.0319777803247603	0.927147942518696
"Sample_PC20"	-0.0628901420144416	0.0793563730425345	2.47446087887624	-0.0449207958497141	-0.0614626884763676	0.113792066603983	-0.0428292746800679	-0.0544219455031906	0.0799532948706969	0.826190692221584
"Sample_PC21"	-0.0455569569350388	0.0504833813152664	0.885631344478123	-0.046642920898632	-0.0431457277512692	0.159090686434544	-0.0496152923278425	-0.0558222517749232	0.0507496795659568	0.715931249542793
"Sample_PC22"	-0.0707165436436871	0.058027480178828	9.42262254685383	-0.0342365846375941	-0.0691386477430776	0.115603303639834	-0.0536689369843209	-0.0359508740075978	0.0601245441736341	0.856489358702795
"Sample_PC23"	-0.067851332277891	0.0438584844088815	12.3469127950606	-0.0573492890075415	-0.066653335044686	0.173853370799289	-0.0517284364147874	0.0295453339933632	0.0452377355946528	0.672454132939566
"Sample_PC24"	0.0033050010472161	0.103929478746658	5.53888144892539	-0.049654685228031	-0.00898165324304768	0.0871466517808681	-0.0532295917529882	-0.0656101361551654	0.100825093259625	0.561205956243218
"Sample_PC25"	-0.0722228742234176	0.0498319148112842	9.41434339260802	-0.0470888977804354	-0.0702937462066839	0.19286226810353	-0.0515727824620135	0.000135702598345193	0.0580359086704306	0.753791091481022
"Sample_PC26"	-0.0601188366251251	0.038748880311437	7.83045876437335	-0.0486947983186704	-0.0628442688495552	0.139119180666084	-0.0519596277070902	-0.0455205218988257	0.0324338835111866	0.897162906836995
"Sample_PC27"	-0.0641454962822875	0.0671797954645909	12.6464664932144	-0.0545018880515124	-0.0658660509760788	0.136755018899132	-0.0501379984564885	-0.0448996002358963	0.0590000137854742	0.71232440701714
"Sample_PC28"	-0.0670018634525292	0.0571596594429754	10.3432942437171	-0.0343351904330361	-0.0660600342032057	0.096125667151701	-0.0551275793241386	-0.0569369939493639	0.0511094419388126	0.864305592512785
"Sample_PC29"	-0.066383209810984	0.0663067928306788	10.6251049515011	-0.044827228290309	-0.0635717438180583	0.116042260480609	-0.0527878324711376	-0.0475146598153269	0.0656889672018219	0.809439100052085
"Sample_PC3"	-0.0632686900862981	0.0438055122007067	18.6135052147563	-0.0459552196554898	-0.0619953997003761	0.260142436552899	-0.0513083046029958	0.0820212626699792	0.0436825881265282	0.880470837895983
"Sample_PC30"	-0.0557043821819958	0.0706072818716891	9.12350851768905	-0.0375197513942945	-0.0580528026220842	0.10074785111958	-0.0507495376853372	-0.0589924785855645	0.0743447495198063	0.881799138958809
"Sample_PC31"	-0.0680932169915391	0.0585209644022988	1.53987503868567	-0.0485568922142792	-0.0627431310554343	0.103958295584676	-0.0470303620223066	-0.0613910297498544	0.0535713441061239	0.784963613537426
"Sample_PC32"	-0.0717542023722711	0.048079258189946	13.5179822258737	-0.0503790957108308	-0.0675730350882886	0.106734493590535	-0.0492838929077661	-0.0535885616190648	0.0413782091906682	0.713822750616802
"Sample_PC33"	0.000644808898479651	0.0337508725132817	10.6953166732241	-0.0520877016742509	-0.00380271853734663	0.131891111814578	-0.0481235930886845	-0.0621172341120563	0.0478854155947801	0.819597456028541
"Sample_PC34"	-0.0704959620482513	0.0385938677524208	15.3412291268417	-0.0481960969695883	-0.0712396066912981	0.131376383281985	-0.0483593256947867	-0.0320094924953265	0.0401074259911536	0.843188474965027
"Sample_PC35"	-0.0689966240573814	0.0803067424006672	15.6528454162427	-0.0447759705135911	-0.0686407462984902	0.117542921803017	-0.0415715767516879	-0.0648286160609988	0.0838874921092376	0.878378764395281
"Sample_PC36"	-0.0646820610233133	0.124254474681895	2.03029598620315	-0.0515332782231282	-0.0588723215508615	0.130724322119515	-0.0561053174227948	-0.0578579289418703	0.119450576139887	0.885676823600163
"Sample_PC4"	-0.0579920167247253	0.0855382786765361	11.0182866925164	-0.047336481742546	-0.0515145759355788	0.0652343654659576	-0.0441359159045967	-0.0597700902913523	0.0909153671417499	0.530503442598852
"Sample_PC5"	-0.0182758444963332	0.12641142907063	14.5463589098431	-0.0382044053216008	-0.0267463190408982	0.0932995569798526	-0.0459934320007861	-0.0468691654628554	0.132026657428114	0.668256984168004
"Sample_PC6"	-0.0640877128362814	0.0867571658313006	2.2708941833231	-0.0473565309072999	-0.0642355157990709	0.105929064116247	-0.0485596374498905	-0.058740332115222	0.0785838901259865	0.788605441408804
"Sample_PC7"	-0.03347336068867	0.0717540012530786	14.6285719769897	-0.041744981139326	-0.0302827792168213	0.101814206532222	-0.0469095928025302	-0.0489945621782995	0.073678856610408	0.630321895643545
"Sample_PC8"	-0.0672936227369677	0.0735017636833366	16.9801662006014	-0.0456975237515668	-0.0623037058720606	0.111360657431268	-0.0495384151189825	-0.0447968432281697	0.0658984650019263	0.81262898350216
"Sample_PC9"	-0.0540831726835198	0.0480653525922217	16.6004720281147	-0.0376787931967591	-0.0601749409370345	0.111543362373303	-0.0449678849236653	-0.0424505516773878	0.0503090870001951	0.857669127209151
